SendDirectPlayMessage("48 0 0 0 67 79 73 51 46 54 32 50 48 49 49 48 49 50 52 48 49 0 0 0 0 0 0 0 0 0 0 0 32 0 204 0 203 15 12 0 243 223 2 0 25 240 11 0 182 168 14 0 71 199 57 0 79 170 48 0 ");
SendDirectPlayMessage("19 0 0 0 0 1 0 1 0 3 0 0 3 3 0 0 0 0 0 0 0 0 1 1 1 0 1 1 80 70 0 0 0 0 0 0 0 0 0 0 68 45 68 97 121 32 82 117 115 115 105 97 0 0 0 0 0 0 0 0 0 0 0 0 0 0 0 0 0 0 0 0 0 0 0 0 0 0 0 0 0 0 0 0 0 0 0 0 0 0 0 0 0 0 0 0 0 0 0 0 0 0 0 0 0 0 0 0 0 0 0 0 0 0 0 0 0 0 0 0 0 0 0 0 0 0 0 0 0 0 0 0 0 0 0 0 0 0 0 0 0 0 0 0 0 0 0 0 0 0 0 0 0 0 0 0 0 0 0 0 0 0 0 0 0 0 0 0 0 0 0 0 0 0 0 0 0 0 0 0 0 0 0 0 0 0 0 0 0 0 0 0 0 0 0 0 0 0 0 0 0 0 0 0 0 0 0 0 0 0 0 0 0 0 0 0 0 0 0 0 0 0 0 0 0 0 0 0 0 0 0 0 0 0 0 0 0 0 0 0 0 0 0 0 0 0 0 0 0 0 0 0 0 0 0 0 0 0 0 0 0 0 0 0 0 0 0 0 0 0 0 0 0 0 0 0 0 0 0 0 0 0 0 0 0 0 0 0 0 0 0 0 0 0 0 0 0 0 0 0 68 45 68 97 121 32 82 117 115 115 105 97 0 0 0 0 0 0 0 0 0 0 0 0 0 0 0 0 0 0 0 0 0 0 0 0 0 0 0 0 0 0 0 0 0 0 0 0 0 0 0 0 0 0 0 0 0 0 0 0 0 0 0 0 0 0 0 0 0 0 0 0 0 0 0 0 0 0 0 0 0 0 0 0 0 0 0 0 0 0 0 0 0 0 0 0 0 0 0 0 0 0 0 0 0 0 0 0 0 0 0 0 0 0 0 0 0 0 0 0 0 0 0 0 0 0 0 0 0 0 0 0 0 0 0 0 0 0 0 0 0 0 0 0 0 0 0 0 0 0 0 0 0 0 0 0 0 0 0 0 0 0 0 0 0 0 0 0 0 0 0 0 0 0 0 0 0 0 0 0 0 0 0 0 0 0 0 0 0 0 0 0 0 0 0 0 0 0 0 0 0 0 0 0 0 0 0 0 0 0 0 0 0 0 0 0 0 0 0 0 0 0 0 0 0 0 0 0 0 0 0 0 0 0 0 0 0 0 0 0 0 0 0 0 0 0 0 0 0 0 0 0 0 0 0 0 0 0 0 0 0 0 0 0 0 0 0 0 0 0 0 0 0 0 0 0 0 0 0 0 0 0 0 0 0 0 0 0 0 0 0 0 0 0 0 0 0 0 0 0 0 0 0 0 0 0 0 0 0 0 0 0 0 0 0 0 0 0 0 0 0 0 0 0 0 0 0 0 0 0 0 0 0 0 0 0 0 0 0 0 0 0 0 0 0 0 0 0 0 0 0 0 0 0 0 0 0 0 0 0 0 0 0 0 0 0 0 0 0 0 0 0 0 0 0 0 0 0 0 0 0 0 0 0 0 0 0 0 0 0 0 0 0 0 0 0 0 0 0 0 0 0 0 0 0 0 0 0 0 0 0 0 0 0 0 0 0 0 0 0 0 0 0 0 0 0 0 0 0 0 0 0 0 0 0 0 0 0 0 0 0 0 0 0 0 0 0 0 0 0 0 0 0 0 0 0 0 0 0 0 0 0 0 0 0 0 0 0 0 0 0 0 0 0 0 0 0 0 0 0 0 0 0 0 0 0 0 0 0 0 0 0 0 0 0 0 0 0 0 0 0 0 0 0 0 0 0 0 0 0 0 0 0 0 0 0 0 0 0 0 1 0 3 3 4 4 0 0 95 0 0 0 95 0 0 0 0 0 0 0 0 0 0 0 72 105 100 100 101 110 32 68 114 97 103 111 110 0 0 0 0 0 0 0 0 0 0 0 0 0 80 101 116 116 101 114 0 0 0 0 0 0 0 0 0 0 0 0 0 0 0 0 0 0 0 0 0 0 0 0 2 0 0 0 0 0 0 0 76 118 111 118 49 0 0 0 0 0 0 0 0 0 0 0 0 0 0 0 0 0 0 0 0 0 0 0 0 0 0 0 0 0 0 0 0 0 0 0 0 0 0 0 0 0 0 0 0 0 0 0 0 0 0 0 0 0 0 0 0 0 0 0 0 0 0 0 0 0 0 0 0 0 0 0 0 0 0 0 0 0 0 0 0 0 0 0 0 0 0 0 0 0 0 0 0 0 0 0 0 0 0 0 0 0 0 0 0 0 0 0 0 0 0 0 0 0 0 0 0 0 0 0 0 0 0 0 0 0 0 0 0 0 0 0 0 0 0 0 0 0 0 0 0 0 0 0 0 0 0 0 0 0 0 0 0 0 0 0 0 0 0 0 0 0 0 0 0 0 0 0 0 0 0 0 0 0 0 0 0 0 0 0 0 0 0 0 0 0 0 0 0 0 0 0 0 0 0 0 0 0 0 0 0 0 0 0 0 0 0 0 0 0 0 0 0 0 0 0 0 0 0 0 0 0 0 0 0 0 0 0 0 0 0 0 0 0 0 0 0 0 0 0 0 0 0 0 0 0 0 0 0 0 0 0 0 0 0 0 0 0 0 0 0 0 0 0 0 0 0 0 0 0 0 0 0 0 0 0 0 0 0 0 0 0 0 0 0 0 0 0 0 0 0 0 0 0 0 0 0 0 0 0 0 0 0 0 0 0 0 0 0 0 0 0 0 0 0 0 0 0 0 0 0 0 0 0 0 0 0 0 0 0 0 0 0 0 0 0 0 0 0 0 0 0 0 0 0 0 0 0 0 0 0 0 0 0 0 0 0 0 0 0 0 0 0 0 0 0 0 0 0 0 0 0 0 0 0 0 0 0 0 0 0 0 0 0 0 0 0 0 0 0 0 0 0 0 0 0 0 0 0 0 0 0 0 0 0 0 0 0 0 0 0 0 0 0 0 0 0 0 0 0 0 0 0 0 0 0 0 0 0 0 0 0 0 0 0 0 0 0 0 0 0 0 0 0 0 0 0 0 0 0 0 0 0 0 0 0 0 0 0 0 0 0 0 0 0 0 0 0 0 0 0 0 0 0 0 0 0 0 0 0 0 0 0 0 0 0 0 0 0 0 0 0 0 0 0 0 0 0 0 0 0 0 0 0 0 0 0 0 0 0 0 0 0 0 0 0 0 0 0 0 0 0 0 0 0 0 0 0 0 0 0 0 0 0 0 0 0 0 0 0 0 0 0 0 0 0 0 0 0 0 0 0 0 0 0 0 0 0 0 0 0 0 0 0 0 0 0 0 0 0 0 0 0 0 0 0 0 0 0 0 0 0 0 0 0 0 0 0 0 0 0 0 0 0 0 0 0 0 0 0 0 0 0 0 0 0 0 0 0 0 0 0 0 0 0 0 0 0 0 0 0 0 0 0 0 0 0 0 0 0 0 0 0 0 0 0 0 0 0 0 0 0 0 0 0 0 0 0 0 0 0 0 0 0 0 0 0 0 0 0 0 0 0 0 0 0 0 0 0 0 0 0 0 0 0 0 0 0 0 0 0 0 0 0 0 0 0 0 0 0 0 0 0 0 0 0 0 0 0 0 0 0 0 0 0 0 0 0 0 0 0 0 0 0 0 0 0 0 0 0 0 0 0 0 0 0 0 0 0 0 0 0 0 0 0 0 0 0 0 0 0 0 0 0 0 0 0 0 0 0 0 0 0 0 0 0 0 0 0 0 0 0 0 0 0 0 0 0 0 0 0 0 0 0 0 0 0 0 0 0 0 0 0 0 0 0 0 0 0 0 0 0 0 0 0 0 0 0 0 0 0 0 0 0 0 0 0 0 0 0 0 0 0 0 0 0 0 0 0 0 0 0 0 0 0 0 0 0 0 0 0 0 0 0 0 0 0 0 0 0 0 0 0 0 0 0 0 0 0 0 0 0 0 0 0 0 0 0 0 0 0 0 0 0 0 0 0 0 0 0 0 0 0 0 0 0 0 0 0 0 0 0 0 0 0 0 0 0 0 0 0 0 0 0 0 0 0 0 0 0 0 0 0 0 0 0 0 0 0 0 0 0 0 0 0 0 0 0 0 0 0 0 0 0 0 0 0 0 0 0 0 0 0 0 0 0 0 0 0 0 0 0 0 0 0 0 0 0 0 0 0 0 0 0 0 0 0 0 0 0 0 0 0 0 0 0 0 0 0 0 0 0 0 0 0 0 0 0 0 0 0 0 0 0 0 0 0 0 0 0 0 0 0 0 0 0 0 0 0 0 0 0 0 0 0 0 0 0 0 0 0 0 0 0 0 0 0 0 0 0 0 0 0 0 0 0 0 0 0 0 0 0 0 0 0 0 0 0 0 0 0 0 0 0 0 0 0 0 0 0 0 0 0 0 0 0 0 0 0 0 0 0 0 0 0 0 0 0 0 0 0 0 0 0 0 0 0 0 0 0 0 0 0 0 0 0 0 0 0 0 0 0 0 0 0 0 0 0 0 0 0 0 0 0 0 0 0 0 0 0 0 0 0 0 0 0 0 0 0 0 0 0 0 0 0 0 0 0 0 0 0 0 0 0 0 0 0 0 0 0 0 0 0 0 0 0 0 0 0 0 0 0 0 0 0 0 0 0 0 0 0 0 0 0 0 0 0 0 0 0 0 0 0 0 0 0 0 0 0 0 0 0 0 0 0 0 0 0 0 0 0 0 0 0 0 0 0 0 0 0 0 0 0 0 0 0 0 0 0 0 0 0 0 0 0 0 0 0 0 0 0 0 0 0 0 0 0 0 0 0 0 0 0 0 0 0 0 0 0 0 0 0 0 0 0 0 0 0 0 0 0 0 0 0 0 0 0 0 0 0 0 0 0 0 0 0 0 0 0 0 0 0 0 0 0 0 0 0 0 0 0 0 0 0 0 0 0 0 0 0 0 0 0 0 0 0 0 0 0 0 0 0 0 0 0 0 0 0 0 0 0 0 0 0 0 0 0 0 0 0 1 0 0 0 0 0 0 0 10 0 0 0 50 0 0 0 50 0 0 0 10 0 0 0 0 0 0 0 0 0 0 0 0 0 0 0 3 3 0 0 0 0 0 0 0 0 0 0 0 0 0 0 ");
SendDirectPlayMessage("55 0 0 0 5 0 25 0 ");
SendDirectPlayMessage("35 0 0 0 ");
SendDirectPlayMessage("49 0 0 0 14 0 25 0 ");
SendDirectPlayMessage("26 0 0 0 ");
SendDirectPlayMessage("49 0 0 0 12 0 25 0 ");
SendDirectPlayMessage("3 0 0 0 0 64 0 42 0 9 0 9 0 65 0 42 0 1 0 0 1 71 25 0 ");
SendDirectPlayMessage("2 0 0 0 0 0 0 16 4 0 0 0 0 0 80 101 116 116 101 114 0 0 0 0 0 0 0 0 0 0 0 0 0 0 0 0 0 0 0 0 4 204 181 91 36 1 0 0 0 0 0 0 0 0 1 0 0 0 255 255 3 0 255 255 1 0 0 0 1 0 0 0 1 4 0 0 133 3 5 6 255 134 25 0 1 0 0 0 68 0 0 0 133 3 5 0 0 0 0 0 1 0 0 0 54 0 0 0 133 3 5 0 0 0 0 0 1 0 0 0 0 0 6 2 28 1 88 0 1 0 0 0 0 0 21 16 ");
SendDirectPlayMessage("2 0 0 0 1 0 0 16 3 0 0 0 0 0 83 111 108 111 109 105 110 0 0 0 0 0 0 0 0 0 0 0 0 0 0 0 0 0 0 0 2 204 181 91 0 1 0 0 0 0 0 0 0 0 1 0 0 0 255 255 4 0 255 255 1 0 0 0 1 0 0 0 1 4 0 0 133 3 3 6 255 134 25 0 1 0 0 0 62 0 0 0 133 3 3 0 0 0 0 0 1 0 0 0 65 0 0 0 133 3 3 0 0 0 0 0 1 0 0 0 0 0 6 2 99 1 88 0 1 0 0 0 0 0 21 16 ");
SendDirectPlayMessage("2 0 0 0 2 0 0 16 0 0 0 0 0 0 80 108 97 115 116 111 107 0 0 0 0 0 0 0 0 0 0 0 0 0 0 0 0 0 0 0 0 204 181 91 229 0 0 0 0 0 0 0 0 0 1 0 0 0 255 255 5 0 255 255 1 0 0 0 1 0 0 0 1 4 0 0 133 3 11 6 255 134 25 0 1 0 0 0 50 0 0 0 133 3 11 0 0 0 0 0 1 0 0 0 51 0 0 0 133 3 11 0 0 0 0 0 1 0 0 0 0 0 6 2 45 0 88 0 1 0 0 0 0 0 21 16 ");
SendDirectPlayMessage("2 0 0 0 3 0 0 16 1 0 0 0 1 0 83 104 101 114 115 116 105 117 107 0 0 0 0 0 0 0 0 0 0 0 0 0 0 0 0 0 3 204 181 91 2 1 0 0 0 0 0 0 0 0 1 0 0 0 255 255 6 0 255 255 1 0 0 0 1 0 0 0 1 4 0 0 172 9 3 6 255 134 25 0 1 0 0 0 69 0 0 0 172 9 3 0 0 0 0 0 1 0 0 0 64 0 0 0 172 9 3 0 0 0 0 0 1 0 0 0 0 0 6 2 142 0 88 0 1 0 0 0 0 0 21 16 ");
SendDirectPlayMessage("2 0 0 0 4 0 0 16 3 0 0 0 1 0 71 111 110 116 97 114 0 0 0 0 0 0 0 0 0 0 0 0 0 0 0 0 0 0 0 0 2 204 181 91 247 0 0 0 0 0 0 0 0 0 1 0 0 0 255 255 7 0 255 255 1 0 0 0 1 0 0 0 1 4 0 0 172 9 5 6 255 134 25 0 1 0 0 0 69 0 0 0 172 9 5 0 0 0 0 0 1 0 0 0 68 0 0 0 172 9 5 0 0 0 0 0 1 0 0 0 0 0 6 2 28 1 88 0 1 0 0 0 0 0 21 16 ");
SendDirectPlayMessage("2 0 0 0 5 0 0 16 2 0 0 0 1 0 83 104 107 108 105 97 114 0 0 0 0 0 0 0 0 0 0 0 0 0 0 0 0 0 0 0 1 204 181 91 228 0 0 0 0 0 0 0 0 0 0 0 0 0 8 0 255 255 9 0 1 0 0 0 1 0 0 0 1 4 0 0 172 9 1 6 255 134 25 0 1 0 0 0 63 0 0 0 172 9 1 0 0 0 0 0 1 0 0 0 63 0 0 0 172 9 1 0 0 0 0 0 0 0 0 0 0 0 6 2 235 0 88 0 1 0 0 0 0 0 21 16 ");
SendDirectPlayMessage("2 0 0 0 6 0 0 16 2 0 0 0 1 0 83 104 105 114 107 117 110 111 118 0 0 0 0 0 0 0 0 0 0 0 0 0 0 0 0 0 0 204 181 91 177 0 0 0 0 0 0 0 0 0 1 0 0 0 255 255 10 0 255 255 1 0 0 0 1 0 0 0 1 4 0 0 172 9 0 6 255 134 25 0 1 0 0 0 55 0 0 0 172 9 0 0 0 0 0 0 1 0 0 0 67 0 0 0 172 9 0 0 0 0 0 0 1 0 0 0 0 0 6 2 45 0 88 0 1 0 0 0 0 0 21 16 ");
SendDirectPlayMessage("2 0 0 0 7 0 0 16 0 0 0 0 1 0 67 104 101 108 105 97 100 105 110 0 0 0 0 0 0 0 0 0 0 0 0 0 0 0 0 0 0 204 181 91 204 0 0 0 0 0 0 0 0 0 1 0 0 0 255 255 11 0 255 255 1 0 0 0 1 0 0 0 1 4 0 0 171 9 11 6 255 134 25 0 1 0 0 0 74 0 0 0 171 9 11 0 0 0 0 0 1 0 0 0 62 0 0 0 171 9 11 0 0 0 0 0 1 0 0 0 0 0 6 2 50 0 88 0 1 0 0 0 0 0 21 16 ");
SendDirectPlayMessage("2 0 0 0 8 0 0 16 0 0 0 0 1 0 77 101 108 110 105 107 111 118 0 0 0 0 0 0 0 0 0 0 0 0 0 0 0 0 0 0 0 204 181 91 194 0 0 0 0 0 0 0 0 0 1 0 0 0 255 255 12 0 255 255 1 0 0 0 1 0 0 0 1 4 0 0 106 9 15 6 255 134 25 0 1 0 0 0 62 0 0 0 106 9 15 0 0 0 0 0 1 0 0 0 67 0 0 0 106 9 15 0 0 0 0 0 1 0 0 0 0 0 6 2 50 0 88 0 1 0 0 0 0 0 21 16 ");
SendDirectPlayMessage("2 0 0 0 9 0 0 16 0 0 0 0 1 0 75 104 111 108 111 100 111 118 105 99 104 0 0 0 0 0 0 0 0 0 0 0 0 0 0 0 1 204 181 91 197 0 0 0 0 0 0 0 0 0 1 0 0 0 255 255 13 0 255 255 1 0 0 0 1 0 0 0 1 4 0 0 172 9 11 6 255 134 25 0 1 0 0 0 53 0 0 0 172 9 11 0 0 0 0 0 1 0 0 0 56 0 0 0 172 9 11 0 0 0 0 0 1 0 0 0 0 0 6 2 45 0 88 0 1 0 0 0 0 0 21 16 ");
SendDirectPlayMessage("2 0 0 0 10 0 0 16 0 0 0 0 1 0 80 114 111 107 111 102 121 101 118 0 0 0 0 0 0 0 0 0 0 0 0 0 0 0 0 0 1 204 181 91 218 0 0 0 0 0 0 0 0 0 1 0 0 0 255 255 14 0 255 255 1 0 0 0 1 0 0 0 1 4 0 0 172 9 12 6 255 134 25 0 1 0 0 0 56 0 0 0 172 9 12 0 0 0 0 0 1 0 0 0 62 0 0 0 172 9 12 0 0 0 0 0 1 0 0 0 0 0 6 2 40 0 88 0 1 0 0 0 0 0 21 16 ");
SendDirectPlayMessage("2 0 0 0 11 0 0 16 0 0 0 0 1 0 77 111 110 97 115 116 105 114 115 107 105 121 0 0 0 0 0 0 0 0 0 0 0 0 0 0 1 204 181 91 218 0 0 0 0 0 0 0 0 0 0 0 0 0 255 255 15 0 16 0 1 0 0 0 1 0 0 0 1 4 0 0 171 9 3 6 255 134 25 0 1 0 0 0 70 0 0 0 171 9 3 0 0 0 0 0 1 0 0 0 55 0 0 0 171 9 3 0 0 0 0 0 1 0 0 0 0 0 6 2 40 0 88 0 1 0 0 0 0 0 21 16 ");
SendDirectPlayMessage("2 0 0 0 12 0 0 16 0 0 0 0 1 0 82 117 118 105 110 115 107 105 121 0 0 0 0 0 0 0 0 0 0 0 0 0 0 0 0 0 0 204 181 91 192 0 0 0 0 0 0 0 0 0 0 0 0 0 17 0 255 255 18 0 1 0 0 0 1 0 0 0 1 4 0 0 173 9 0 6 255 134 25 0 1 0 0 0 71 0 0 0 173 9 0 0 0 0 0 0 1 0 0 0 54 0 0 0 173 9 0 0 0 0 0 0 0 0 0 0 0 0 6 2 30 0 88 0 1 0 0 0 0 0 21 16 ");
SendDirectPlayMessage("2 0 0 0 13 0 0 16 1 0 0 0 2 0 77 111 115 101 105 99 104 117 107 0 0 0 0 0 0 0 0 0 0 0 0 0 0 0 0 0 3 204 181 91 248 0 0 0 0 0 0 0 0 0 1 0 0 0 255 255 19 0 255 255 1 0 0 0 1 0 0 0 1 4 0 0 110 9 12 6 255 134 25 0 1 0 0 0 54 0 0 0 110 9 12 0 0 0 0 0 1 0 0 0 63 0 0 0 110 9 12 0 0 0 0 0 1 0 0 0 0 0 6 2 213 0 88 0 1 0 0 0 0 0 21 16 ");
SendDirectPlayMessage("2 0 0 0 14 0 0 16 3 0 0 0 2 0 66 114 111 100 111 118 0 0 0 0 0 0 0 0 0 0 0 0 0 0 0 0 0 0 0 0 2 204 181 91 225 0 0 0 0 0 0 0 0 0 1 0 0 0 255 255 20 0 255 255 1 0 0 0 1 0 0 0 1 4 0 0 175 9 5 6 255 134 25 0 1 0 0 0 67 0 0 0 175 9 5 0 0 0 0 0 1 0 0 0 51 0 0 0 175 9 5 0 0 0 0 0 1 0 0 0 0 0 6 2 28 1 88 0 1 0 0 0 0 0 21 16 ");
SendDirectPlayMessage("2 0 0 0 15 0 0 16 2 0 0 0 2 0 78 105 122 97 109 111 118 0 0 0 0 0 0 0 0 0 0 0 0 0 0 0 0 0 0 0 0 204 181 91 226 0 0 0 0 0 0 0 0 0 0 0 0 0 21 0 255 255 22 0 1 0 0 0 1 0 0 0 1 4 0 0 175 9 1 6 255 134 25 0 1 0 0 0 65 0 0 0 175 9 1 0 0 0 0 0 1 0 0 0 68 0 0 0 175 9 1 0 0 0 0 0 0 0 0 0 0 0 6 2 30 0 88 0 1 0 0 0 0 0 21 16 ");
SendDirectPlayMessage("2 0 0 0 16 0 0 16 2 0 0 0 2 0 66 111 114 105 115 111 118 0 0 0 0 0 0 0 0 0 0 0 0 0 0 0 0 0 0 0 1 204 181 91 212 0 0 0 0 0 0 0 0 0 0 0 0 0 23 0 255 255 24 0 1 0 0 0 1 0 0 0 1 4 0 0 175 9 0 6 255 134 25 0 1 0 0 0 65 0 0 0 175 9 0 0 0 0 0 0 1 0 0 0 53 0 0 0 175 9 0 0 0 0 0 0 0 0 0 0 0 0 6 2 235 0 88 0 1 0 0 0 0 0 21 16 ");
SendDirectPlayMessage("2 0 0 0 17 0 0 16 0 0 0 0 2 0 84 117 114 99 104 97 110 105 110 111 118 0 0 0 0 0 0 0 0 0 0 0 0 0 0 0 1 204 181 91 219 0 0 0 0 0 0 0 0 0 1 0 0 0 255 255 25 0 255 255 1 0 0 0 1 0 0 0 1 4 0 0 175 9 3 6 255 134 25 0 1 0 0 0 73 0 0 0 175 9 3 0 0 0 0 0 1 0 0 0 71 0 0 0 175 9 3 0 0 0 0 0 1 0 0 0 0 0 6 2 45 0 88 0 1 0 0 0 0 0 21 16 ");
SendDirectPlayMessage("2 0 0 0 18 0 0 16 0 0 0 0 2 0 66 101 115 115 111 110 111 118 0 0 0 0 0 0 0 0 0 0 0 0 0 0 0 0 0 0 1 204 181 91 224 0 0 0 0 0 0 0 0 0 1 0 0 0 255 255 26 0 255 255 1 0 0 0 1 0 0 0 1 4 0 0 175 9 11 6 255 134 25 0 1 0 0 0 63 0 0 0 175 9 11 0 0 0 0 0 1 0 0 0 72 0 0 0 175 9 11 0 0 0 0 0 1 0 0 0 0 0 6 2 45 0 88 0 1 0 0 0 0 0 21 16 ");
SendDirectPlayMessage("2 0 0 0 19 0 0 16 0 0 0 0 2 0 70 105 108 105 112 111 118 105 99 104 0 0 0 0 0 0 0 0 0 0 0 0 0 0 0 0 1 204 181 91 191 0 0 0 0 0 0 0 0 0 0 0 0 0 255 255 27 0 28 0 1 0 0 0 1 0 0 0 1 4 0 0 175 9 12 6 255 134 25 0 1 0 0 0 74 0 0 0 175 9 12 0 0 0 0 0 1 0 0 0 67 0 0 0 175 9 12 0 0 0 0 0 1 0 0 0 0 0 6 2 65 0 88 0 1 0 0 0 0 0 21 16 ");
SendDirectPlayMessage("2 0 0 0 20 0 0 16 0 0 0 0 2 0 75 111 107 117 115 104 107 105 110 0 0 0 0 0 0 0 0 0 0 0 0 0 0 0 0 0 0 204 181 91 197 0 0 0 0 0 0 0 0 0 1 0 0 0 255 255 29 0 255 255 1 0 0 0 1 0 0 0 1 4 0 0 109 9 14 6 255 134 25 0 1 0 0 0 73 0 0 0 109 9 14 0 0 0 0 0 1 0 0 0 76 0 0 0 109 9 14 0 0 0 0 0 1 0 0 0 0 0 6 2 35 0 88 0 1 0 0 0 0 0 21 16 ");
SendDirectPlayMessage("2 0 0 0 21 0 0 16 0 0 0 0 2 0 83 104 97 114 97 101 118 115 107 105 121 0 0 0 0 0 0 0 0 0 0 0 0 0 0 0 0 204 181 91 214 0 0 0 0 0 0 0 0 0 1 0 0 0 255 255 30 0 255 255 1 0 0 0 1 0 0 0 1 4 0 0 174 9 3 6 255 134 25 0 1 0 0 0 59 0 0 0 174 9 3 0 0 0 0 0 1 0 0 0 75 0 0 0 174 9 3 0 0 0 0 0 1 0 0 0 0 0 6 2 30 0 88 0 1 0 0 0 0 0 21 16 ");
SendDirectPlayMessage("2 0 0 0 22 0 0 16 0 0 0 0 2 0 90 97 105 107 105 110 0 0 0 0 0 0 0 0 0 0 0 0 0 0 0 0 0 0 0 0 1 204 181 91 210 0 0 0 0 0 0 0 0 0 1 0 0 0 255 255 31 0 255 255 1 0 0 0 1 0 0 0 1 4 0 0 109 9 12 6 255 134 25 0 1 0 0 0 63 0 0 0 109 9 12 0 0 0 0 0 1 0 0 0 70 0 0 0 109 9 12 0 0 0 0 0 1 0 0 0 0 0 6 2 40 0 88 0 1 0 0 0 0 0 21 16 ");
SendDirectPlayMessage("2 0 0 0 23 0 0 16 1 0 0 0 3 0 75 97 108 109 97 107 111 118 0 0 0 0 0 0 0 0 0 0 0 0 0 0 0 0 0 0 3 204 181 91 12 1 0 0 0 0 0 0 0 0 1 0 0 0 255 255 32 0 255 255 1 0 0 0 1 0 0 0 1 4 0 0 75 4 5 6 255 134 25 0 1 0 0 0 71 0 0 0 75 4 5 0 0 0 0 0 1 0 0 0 63 0 0 0 75 4 5 0 0 0 0 0 1 0 0 0 0 0 6 2 213 0 88 0 1 0 0 0 0 0 21 16 ");
SendDirectPlayMessage("2 0 0 0 24 0 0 16 3 0 0 0 3 0 77 97 116 118 101 121 101 118 0 0 0 0 0 0 0 0 0 0 0 0 0 0 0 0 0 0 2 204 181 91 208 0 0 0 0 0 0 0 0 0 0 0 0 0 255 255 33 0 34 0 1 0 0 0 1 0 0 0 1 4 0 0 75 4 3 6 255 134 25 0 1 0 0 0 55 0 0 0 75 4 3 0 0 0 0 0 1 0 0 0 56 0 0 0 75 4 3 0 0 0 0 0 1 0 0 0 0 0 6 2 30 0 88 0 1 0 0 0 0 0 21 16 ");
SendDirectPlayMessage("2 0 0 0 25 0 0 16 0 0 0 0 3 0 68 121 97 100 101 110 99 104 117 107 0 0 0 0 0 0 0 0 0 0 0 0 0 0 0 0 1 204 181 91 210 0 0 0 0 0 0 0 0 0 1 0 0 0 255 255 35 0 255 255 1 0 0 0 1 0 0 0 1 4 0 0 75 4 11 6 255 134 25 0 1 0 0 0 69 0 0 0 75 4 11 0 0 0 0 0 1 0 0 0 61 0 0 0 75 4 11 0 0 0 0 0 1 0 0 0 0 0 6 2 55 0 88 0 1 0 0 0 0 0 21 16 ");
SendDirectPlayMessage("2 0 0 0 26 0 0 16 0 0 0 0 3 0 75 111 114 110 101 101 118 0 0 0 0 0 0 0 0 0 0 0 0 0 0 0 0 0 0 0 0 204 181 91 190 0 0 0 0 0 0 0 0 0 1 0 0 0 255 255 36 0 255 255 1 0 0 0 1 0 0 0 1 4 0 0 76 4 8 6 255 134 25 0 1 0 0 0 63 0 0 0 76 4 8 0 0 0 0 0 1 0 0 0 65 0 0 0 76 4 8 0 0 0 0 0 1 0 0 0 0 0 6 2 40 0 88 0 1 0 0 0 0 0 21 16 ");
SendDirectPlayMessage("2 0 0 0 27 0 0 16 0 0 0 0 3 0 75 111 107 111 114 105 110 0 0 0 0 0 0 0 0 0 0 0 0 0 0 0 0 0 0 0 0 204 181 91 190 0 0 0 0 0 0 0 0 0 1 0 0 0 255 255 37 0 255 255 1 0 0 0 1 0 0 0 1 4 0 0 76 4 0 6 255 134 25 0 1 0 0 0 60 0 0 0 76 4 0 0 0 0 0 0 1 0 0 0 77 0 0 0 76 4 0 0 0 0 0 0 1 0 0 0 0 0 6 2 55 0 88 0 1 0 0 0 0 0 21 16 ");
SendDirectPlayMessage("2 0 0 0 28 0 0 16 0 0 0 0 3 0 90 118 101 114 101 118 0 0 0 0 0 0 0 0 0 0 0 0 0 0 0 0 0 0 0 0 1 204 181 91 232 0 0 0 0 0 0 0 0 0 1 0 0 0 255 255 38 0 255 255 1 0 0 0 1 0 0 0 1 4 0 0 75 4 12 6 255 134 25 0 1 0 0 0 75 0 0 0 75 4 12 0 0 0 0 0 1 0 0 0 64 0 0 0 75 4 12 0 0 0 0 0 1 0 0 0 0 0 6 2 55 0 88 0 1 0 0 0 0 0 21 16 ");
SendDirectPlayMessage("2 0 0 0 29 0 0 16 0 0 0 0 3 0 67 104 101 114 110 105 97 118 115 107 105 121 0 0 0 0 0 0 0 0 0 0 0 0 0 0 0 204 181 91 198 0 0 0 0 0 0 0 0 0 1 0 0 0 255 255 39 0 255 255 1 0 0 0 1 0 0 0 1 4 0 0 74 4 7 6 255 134 25 0 1 0 0 0 71 0 0 0 74 4 7 0 0 0 0 0 1 0 0 0 71 0 0 0 74 4 7 0 0 0 0 0 1 0 0 0 0 0 6 2 35 0 88 0 1 0 0 0 0 0 21 16 ");
SendDirectPlayMessage("2 0 0 0 30 0 0 16 0 0 0 0 3 0 84 97 114 97 115 111 118 0 0 0 0 0 0 0 0 0 0 0 0 0 0 0 0 0 0 0 1 204 181 91 207 0 0 0 0 0 0 0 0 0 1 0 0 0 255 255 40 0 255 255 1 0 0 0 1 0 0 0 1 4 0 0 9 4 12 6 255 134 25 0 1 0 0 0 52 0 0 0 9 4 12 0 0 0 0 0 1 0 0 0 52 0 0 0 9 4 12 0 0 0 0 0 1 0 0 0 0 0 6 2 65 0 88 0 1 0 0 0 0 0 21 16 ");
SendDirectPlayMessage("2 0 0 0 31 0 0 16 0 0 0 0 3 0 71 114 101 103 117 108 0 0 0 0 0 0 0 0 0 0 0 0 0 0 0 0 0 0 0 0 1 204 181 91 188 0 0 0 0 0 0 0 0 0 1 0 0 0 255 255 41 0 255 255 1 0 0 0 1 0 0 0 1 4 0 0 9 4 14 6 255 134 25 0 1 0 0 0 64 0 0 0 9 4 14 0 0 0 0 0 1 0 0 0 67 0 0 0 9 4 14 0 0 0 0 0 1 0 0 0 0 0 6 2 60 0 88 0 1 0 0 0 0 0 21 16 ");
SendDirectPlayMessage("2 0 0 0 32 0 0 16 0 0 0 0 3 0 80 111 108 105 101 118 115 107 105 121 0 0 0 0 0 0 0 0 0 0 0 0 0 0 0 0 0 204 181 91 185 0 0 0 0 0 0 0 0 0 1 0 0 0 255 255 42 0 255 255 1 0 0 0 1 0 0 0 1 4 0 0 74 4 15 6 255 134 25 0 1 0 0 0 70 0 0 0 74 4 15 0 0 0 0 0 1 0 0 0 60 0 0 0 74 4 15 0 0 0 0 0 1 0 0 0 0 0 6 2 30 0 88 0 1 0 0 0 0 0 21 16 ");
SendDirectPlayMessage("2 0 0 0 33 0 0 16 1 0 0 0 4 0 86 97 114 102 97 108 111 109 101 121 101 118 0 0 0 0 0 0 0 0 0 0 0 0 0 0 3 204 181 91 248 0 0 0 0 0 0 0 0 0 1 0 0 0 255 255 43 0 255 255 1 0 0 0 1 0 0 0 1 4 0 0 195 3 13 6 255 134 25 0 1 0 0 0 72 0 0 0 195 3 13 0 0 0 0 0 1 0 0 0 56 0 0 0 195 3 13 0 0 0 0 0 1 0 0 0 0 0 6 2 28 1 88 0 1 0 0 0 0 0 21 16 ");
SendDirectPlayMessage("2 0 0 0 34 0 0 16 3 0 0 0 4 0 70 111 109 105 110 0 0 0 0 0 0 0 0 0 0 0 0 0 0 0 0 0 0 0 0 0 2 204 181 91 221 0 0 0 0 0 0 0 0 0 0 0 0 0 255 255 44 0 45 0 1 0 0 0 1 0 0 0 1 4 0 0 129 3 8 6 255 134 25 0 1 0 0 0 59 0 0 0 129 3 8 0 0 0 0 0 1 0 0 0 60 0 0 0 129 3 8 0 0 0 0 0 1 0 0 0 0 0 6 2 30 0 88 0 1 0 0 0 0 0 21 16 ");
SendDirectPlayMessage("2 0 0 0 35 0 0 16 0 0 0 0 4 0 83 109 111 108 110 105 107 111 118 0 0 0 0 0 0 0 0 0 0 0 0 0 0 0 0 0 0 204 181 91 217 0 0 0 0 0 0 0 0 0 1 0 0 0 255 255 46 0 255 255 1 0 0 0 1 0 0 0 1 4 0 0 64 3 15 6 255 134 25 0 1 0 0 0 61 0 0 0 64 3 15 0 0 0 0 0 1 0 0 0 61 0 0 0 64 3 15 0 0 0 0 0 1 0 0 0 0 0 6 2 30 0 88 0 1 0 0 0 0 0 21 16 ");
SendDirectPlayMessage("2 0 0 0 36 0 0 16 0 0 0 0 4 0 75 111 115 116 105 110 0 0 0 0 0 0 0 0 0 0 0 0 0 0 0 0 0 0 0 0 1 204 181 91 206 0 0 0 0 0 0 0 0 0 1 0 0 0 255 255 47 0 255 255 1 0 0 0 1 0 0 0 1 4 0 0 129 3 0 6 255 134 25 0 1 0 0 0 62 0 0 0 129 3 0 0 0 0 0 0 1 0 0 0 59 0 0 0 129 3 0 0 0 0 0 0 1 0 0 0 0 0 6 2 50 0 88 0 1 0 0 0 0 0 21 16 ");
SendDirectPlayMessage("2 0 0 0 37 0 0 16 0 0 0 0 4 0 66 117 107 97 110 111 118 0 0 0 0 0 0 0 0 0 0 0 0 0 0 0 0 0 0 0 1 204 181 91 210 0 0 0 0 0 0 0 0 0 1 0 0 0 255 255 48 0 255 255 1 0 0 0 1 0 0 0 1 4 0 0 63 3 12 6 255 134 25 0 1 0 0 0 73 0 0 0 63 3 12 0 0 0 0 0 1 0 0 0 61 0 0 0 63 3 12 0 0 0 0 0 1 0 0 0 0 0 6 2 75 0 88 0 1 0 0 0 0 0 21 16 ");
SendDirectPlayMessage("2 0 0 0 38 0 0 16 0 0 0 0 4 0 80 114 111 115 101 107 111 118 0 0 0 0 0 0 0 0 0 0 0 0 0 0 0 0 0 0 1 204 181 91 213 0 0 0 0 0 0 0 0 0 1 0 0 0 255 255 49 0 255 255 1 0 0 0 1 0 0 0 1 4 0 0 130 3 5 6 255 134 25 0 1 0 0 0 56 0 0 0 130 3 5 0 0 0 0 0 1 0 0 0 59 0 0 0 130 3 5 0 0 0 0 0 1 0 0 0 0 0 6 2 60 0 88 0 1 0 0 0 0 0 21 16 ");
SendDirectPlayMessage("2 0 0 0 39 0 0 16 0 0 0 0 4 0 80 114 111 114 111 99 104 101 110 107 111 0 0 0 0 0 0 0 0 0 0 0 0 0 0 0 1 204 181 91 203 0 0 0 0 0 0 0 0 0 1 0 0 0 255 255 50 0 255 255 1 0 0 0 1 0 0 0 1 4 0 0 130 3 3 6 255 134 25 0 1 0 0 0 55 0 0 0 130 3 3 0 0 0 0 0 1 0 0 0 69 0 0 0 130 3 3 0 0 0 0 0 1 0 0 0 0 0 6 2 30 0 88 0 1 0 0 0 0 0 21 16 ");
SendDirectPlayMessage("2 0 0 0 40 0 0 16 0 0 0 0 4 0 86 97 114 97 107 115 105 110 0 0 0 0 0 0 0 0 0 0 0 0 0 0 0 0 0 0 0 204 181 91 179 0 0 0 0 0 0 0 0 0 1 0 0 0 255 255 51 0 255 255 1 0 0 0 1 0 0 0 1 4 0 0 130 3 13 6 255 134 25 0 1 0 0 0 72 0 0 0 130 3 13 0 0 0 0 0 1 0 0 0 53 0 0 0 130 3 13 0 0 0 0 0 1 0 0 0 0 0 6 2 45 0 88 0 1 0 0 0 0 0 21 16 ");
SendDirectPlayMessage("2 0 0 0 41 0 0 16 0 0 0 0 4 0 82 111 103 111 122 104 107 105 110 0 0 0 0 0 0 0 0 0 0 0 0 0 0 0 0 0 0 204 181 91 224 0 0 0 0 0 0 0 0 0 1 0 0 0 255 255 52 0 255 255 1 0 0 0 1 0 0 0 1 4 0 0 64 3 13 6 255 134 25 0 1 0 0 0 72 0 0 0 64 3 13 0 0 0 0 0 1 0 0 0 68 0 0 0 64 3 13 0 0 0 0 0 1 0 0 0 0 0 6 2 35 0 88 0 1 0 0 0 0 0 21 16 ");
SendDirectPlayMessage("2 0 0 0 42 0 0 16 0 0 0 0 4 0 66 111 99 104 97 114 110 105 107 111 118 0 0 0 0 0 0 0 0 0 0 0 0 0 0 0 1 204 181 91 200 0 0 0 0 0 0 0 0 0 1 0 0 0 255 255 53 0 255 255 1 0 0 0 1 0 0 0 1 4 0 0 130 3 11 6 255 134 25 0 1 0 0 0 63 0 0 0 130 3 11 0 0 0 0 0 1 0 0 0 63 0 0 0 130 3 11 0 0 0 0 0 1 0 0 0 0 0 6 2 35 0 88 0 1 0 0 0 0 0 21 16 ");
SendDirectPlayMessage("2 0 0 0 43 0 0 16 1 0 0 0 5 0 75 105 114 101 121 101 118 0 0 0 0 0 0 0 0 0 0 0 0 0 0 0 0 0 0 0 3 204 181 91 252 0 0 0 0 0 0 0 0 0 1 0 0 0 255 255 54 0 255 255 1 0 0 0 1 0 0 0 1 4 0 0 78 4 5 6 255 134 25 0 1 0 0 0 59 0 0 0 78 4 5 0 0 0 0 0 1 0 0 0 64 0 0 0 78 4 5 0 0 0 0 0 1 0 0 0 0 0 6 2 142 0 88 0 1 0 0 0 0 0 21 16 ");
SendDirectPlayMessage("2 0 0 0 44 0 0 16 3 0 0 0 5 0 76 111 109 116 101 118 0 0 0 0 0 0 0 0 0 0 0 0 0 0 0 0 0 0 0 0 2 204 181 91 209 0 0 0 0 0 0 0 0 0 0 0 0 0 255 255 55 0 56 0 1 0 0 0 1 0 0 0 1 4 0 0 78 4 12 6 255 134 25 0 1 0 0 0 68 0 0 0 78 4 12 0 0 0 0 0 1 0 0 0 62 0 0 0 78 4 12 0 0 0 0 0 1 0 0 0 0 0 6 2 40 0 88 0 1 0 0 0 0 0 21 16 ");
SendDirectPlayMessage("2 0 0 0 45 0 0 16 0 0 0 0 5 0 75 111 108 116 121 115 104 101 118 0 0 0 0 0 0 0 0 0 0 0 0 0 0 0 0 0 1 204 181 91 201 0 0 0 0 0 0 0 0 0 1 0 0 0 255 255 57 0 255 255 1 0 0 0 1 0 0 0 1 4 0 0 78 4 14 6 255 134 25 0 1 0 0 0 55 0 0 0 78 4 14 0 0 0 0 0 1 0 0 0 72 0 0 0 78 4 14 0 0 0 0 0 1 0 0 0 0 0 6 2 45 0 88 0 1 0 0 0 0 0 21 16 ");
SendDirectPlayMessage("2 0 0 0 46 0 0 16 0 0 0 0 5 0 89 101 118 115 116 105 103 110 101 121 101 118 0 0 0 0 0 0 0 0 0 0 0 0 0 0 0 204 181 91 207 0 0 0 0 0 0 0 0 0 1 0 0 0 255 255 58 0 255 255 1 0 0 0 1 0 0 0 1 4 0 0 11 4 15 6 255 134 25 0 1 0 0 0 68 0 0 0 11 4 15 0 0 0 0 0 1 0 0 0 57 0 0 0 11 4 15 0 0 0 0 0 1 0 0 0 0 0 6 2 45 0 88 0 1 0 0 0 0 0 21 16 ");
SendDirectPlayMessage("2 0 0 0 47 0 0 16 0 0 0 0 5 0 73 115 99 104 101 110 107 111 0 0 0 0 0 0 0 0 0 0 0 0 0 0 0 0 0 0 1 204 181 91 193 0 0 0 0 0 0 0 0 0 1 0 0 0 255 255 59 0 255 255 1 0 0 0 1 0 0 0 1 4 0 0 12 4 12 6 255 134 25 0 1 0 0 0 61 0 0 0 12 4 12 0 0 0 0 0 1 0 0 0 62 0 0 0 12 4 12 0 0 0 0 0 1 0 0 0 0 0 6 2 45 0 88 0 1 0 0 0 0 0 21 16 ");
SendDirectPlayMessage("2 0 0 0 48 0 0 16 0 0 0 0 5 0 86 105 115 111 116 115 107 105 121 0 0 0 0 0 0 0 0 0 0 0 0 0 0 0 0 0 0 204 181 91 192 0 0 0 0 0 0 0 0 0 1 0 0 0 255 255 60 0 255 255 1 0 0 0 1 0 0 0 1 4 0 0 143 4 3 6 255 134 25 0 1 0 0 0 73 0 0 0 143 4 3 0 0 0 0 0 1 0 0 0 78 0 0 0 143 4 3 0 0 0 0 0 1 0 0 0 0 0 6 2 45 0 88 0 1 0 0 0 0 0 21 16 ");
SendDirectPlayMessage("2 0 0 0 49 0 0 16 0 0 0 0 5 0 82 105 117 99 104 105 110 0 0 0 0 0 0 0 0 0 0 0 0 0 0 0 0 0 0 0 0 204 181 91 180 0 0 0 0 0 0 0 0 0 1 0 0 0 255 255 61 0 255 255 1 0 0 0 1 0 0 0 1 4 0 0 77 4 11 6 255 134 25 0 1 0 0 0 75 0 0 0 77 4 11 0 0 0 0 0 1 0 0 0 67 0 0 0 77 4 11 0 0 0 0 0 1 0 0 0 0 0 6 2 65 0 88 0 1 0 0 0 0 0 21 16 ");
SendDirectPlayMessage("2 0 0 0 50 0 0 16 0 0 0 0 5 0 80 97 110 107 114 97 116 111 118 0 0 0 0 0 0 0 0 0 0 0 0 0 0 0 0 0 1 204 181 91 222 0 0 0 0 0 0 0 0 0 1 0 0 0 255 255 62 0 255 255 1 0 0 0 1 0 0 0 1 4 0 0 12 4 14 6 255 134 25 0 1 0 0 0 75 0 0 0 12 4 14 0 0 0 0 0 1 0 0 0 72 0 0 0 12 4 14 0 0 0 0 0 1 0 0 0 0 0 6 2 55 0 88 0 1 0 0 0 0 0 21 16 ");
SendDirectPlayMessage("2 0 0 0 51 0 0 16 0 0 0 0 5 0 89 101 115 105 110 0 0 0 0 0 0 0 0 0 0 0 0 0 0 0 0 0 0 0 0 0 1 204 181 91 213 0 0 0 0 0 0 0 0 0 1 0 0 0 255 255 63 0 255 255 1 0 0 0 1 0 0 0 1 4 0 0 77 4 3 6 255 134 25 0 1 0 0 0 69 0 0 0 77 4 3 0 0 0 0 0 1 0 0 0 70 0 0 0 77 4 3 0 0 0 0 0 1 0 0 0 0 0 6 2 60 0 88 0 1 0 0 0 0 0 21 16 ");
SendDirectPlayMessage("2 0 0 0 52 0 0 16 0 0 0 0 5 0 77 101 122 101 110 116 115 101 118 0 0 0 0 0 0 0 0 0 0 0 0 0 0 0 0 0 0 204 181 91 198 0 0 0 0 0 0 0 0 0 1 0 0 0 255 255 64 0 255 255 1 0 0 0 1 0 0 0 1 4 0 0 12 4 4 6 255 134 25 0 1 0 0 0 63 0 0 0 12 4 4 0 0 0 0 0 1 0 0 0 74 0 0 0 12 4 4 0 0 0 0 0 1 0 0 0 0 0 6 2 40 0 88 0 1 0 0 0 0 0 21 16 ");
SendDirectPlayMessage("2 0 0 0 53 0 0 16 3 0 0 0 6 0 80 97 110 102 105 108 111 118 0 0 0 0 0 0 0 0 0 0 0 0 0 0 0 0 0 0 2 204 181 91 24 1 0 0 0 0 0 0 0 0 0 0 0 0 255 255 65 0 255 255 1 0 0 0 1 0 0 0 1 4 0 0 179 2 3 6 255 134 25 0 1 0 0 0 64 0 0 0 179 2 3 0 0 0 0 0 1 0 0 0 70 0 0 0 179 2 3 0 0 0 0 0 1 0 0 0 0 0 6 2 30 0 88 0 1 0 0 0 0 0 21 16 ");
SendDirectPlayMessage("2 0 0 0 54 0 0 16 2 0 0 0 6 0 80 101 116 114 105 99 104 0 0 0 0 0 0 0 0 0 0 0 0 0 0 0 0 0 0 0 0 204 181 91 7 1 0 0 0 0 0 0 0 0 0 0 0 0 67 0 255 255 68 0 1 0 0 0 1 0 0 0 1 4 0 0 179 2 5 6 255 134 25 0 1 0 0 0 74 0 0 0 179 2 5 0 0 0 0 0 1 0 0 0 73 0 0 0 179 2 5 0 0 0 0 0 0 0 0 0 0 0 6 2 238 2 88 0 1 0 0 0 0 0 21 16 ");
SendDirectPlayMessage("2 0 0 0 55 0 0 16 2 0 0 0 6 0 71 117 112 107 111 0 0 0 0 0 0 0 0 0 0 0 0 0 0 0 0 0 0 0 0 0 1 204 181 91 228 0 0 0 0 0 0 0 0 0 0 0 0 0 255 255 255 255 66 0 1 0 0 0 1 0 0 0 1 4 0 0 179 2 1 6 255 134 25 0 1 0 0 0 60 0 0 0 179 2 1 0 0 0 0 0 1 0 0 0 67 0 0 0 179 2 1 0 0 0 0 0 2 0 0 0 0 0 6 2 16 0 88 0 1 0 0 0 0 0 21 16 ");
SendDirectPlayMessage("2 0 0 0 56 0 0 16 3 0 0 0 7 0 90 97 98 111 108 111 116 110 121 107 104 0 0 0 0 0 0 0 0 0 0 0 0 0 0 0 2 204 181 91 245 0 0 0 0 0 0 0 0 0 0 0 0 0 255 255 69 0 255 255 1 0 0 0 1 0 0 0 1 4 1 0 118 3 9 6 255 134 25 0 1 0 0 0 68 0 0 0 118 3 9 0 0 0 0 0 1 0 0 0 73 0 0 0 118 3 9 0 0 0 0 0 1 0 0 0 0 0 6 2 45 0 88 0 1 0 0 0 0 0 21 16 ");
SendDirectPlayMessage("2 0 0 0 57 0 0 16 2 0 0 0 7 0 80 97 116 114 105 110 0 0 0 0 0 0 0 0 0 0 0 0 0 0 0 0 0 0 0 0 1 204 181 91 244 0 0 0 0 0 0 0 0 0 0 0 0 0 255 255 72 0 255 255 1 0 0 0 1 0 0 0 1 4 1 0 118 3 13 6 255 134 25 0 1 0 0 0 73 0 0 0 118 3 13 0 0 0 0 0 1 0 0 0 58 0 0 0 118 3 13 0 0 0 0 0 1 0 0 0 0 0 6 2 35 0 88 0 1 0 0 0 0 0 21 16 ");
SendDirectPlayMessage("2 0 0 0 58 0 0 16 2 0 0 0 7 0 83 104 117 118 97 108 111 118 0 0 0 0 0 0 0 0 0 0 0 0 0 0 0 0 0 0 0 204 181 91 219 0 0 0 0 0 0 0 0 0 0 0 0 0 255 255 71 0 255 255 1 0 0 0 1 0 0 0 1 4 1 0 118 3 12 6 255 134 25 0 1 0 0 0 66 0 0 0 118 3 12 0 0 0 0 0 1 0 0 0 65 0 0 0 118 3 12 0 0 0 0 0 1 0 0 0 0 0 6 2 35 0 88 0 1 0 0 0 0 0 21 16 ");
SendDirectPlayMessage("2 0 0 0 59 0 0 16 2 0 0 0 7 0 90 97 114 101 116 115 107 105 107 104 0 0 0 0 0 0 0 0 0 0 0 0 0 0 0 0 1 204 181 91 232 0 0 0 0 0 0 0 0 0 0 0 0 0 78 0 70 0 255 255 1 0 0 0 1 0 0 0 1 4 1 0 118 3 5 6 255 134 25 0 1 0 0 0 58 0 0 0 118 3 5 0 0 0 0 0 1 0 0 0 62 0 0 0 118 3 5 0 0 0 0 0 0 0 0 0 0 0 6 2 38 0 88 0 1 0 0 0 0 0 21 16 ");
SendDirectPlayMessage("2 0 0 0 60 0 0 16 3 0 0 0 8 0 90 97 110 105 110 0 0 0 0 0 0 0 0 0 0 0 0 0 0 0 0 0 0 0 0 0 2 204 181 91 1 1 0 0 0 0 0 0 0 0 0 0 0 0 255 255 76 0 255 255 1 0 0 0 1 0 0 0 1 4 0 0 221 4 14 6 255 134 25 0 1 0 0 0 62 0 0 0 221 4 14 0 0 0 0 0 1 0 0 0 59 0 0 0 221 4 14 0 0 0 0 0 1 0 0 0 0 0 6 2 35 0 88 0 1 0 0 0 0 0 21 16 ");
SendDirectPlayMessage("2 0 0 0 61 0 0 16 2 0 0 0 8 0 71 111 109 111 118 0 0 0 0 0 0 0 0 0 0 0 0 0 0 0 0 0 0 0 0 0 0 204 181 91 215 0 0 0 0 0 0 0 0 0 0 0 0 0 255 255 75 0 255 255 1 0 0 0 1 0 0 0 1 4 0 0 31 5 5 6 255 134 25 0 1 0 0 0 71 0 0 0 31 5 5 0 0 0 0 0 1 0 0 0 57 0 0 0 31 5 5 0 0 0 0 0 1 0 0 0 0 0 6 2 30 0 88 0 1 0 0 0 0 0 21 16 ");
SendDirectPlayMessage("2 0 0 0 62 0 0 16 2 0 0 0 8 0 76 105 115 99 104 101 110 107 111 0 0 0 0 0 0 0 0 0 0 0 0 0 0 0 0 0 0 204 181 91 220 0 0 0 4 0 0 0 0 0 0 0 0 0 73 0 255 255 74 0 1 0 0 0 1 0 0 0 1 4 0 0 31 5 2 6 255 134 25 0 1 0 0 0 55 0 0 0 31 5 2 0 0 0 0 0 1 0 0 0 60 0 0 0 31 5 2 0 0 0 0 0 0 0 0 0 1 0 6 2 56 0 88 0 1 0 0 0 0 0 21 16 ");
SendDirectPlayMessage("2 0 0 0 63 0 0 16 2 0 0 0 8 0 65 104 109 97 100 111 118 0 0 0 0 0 0 0 0 0 0 0 0 0 0 0 0 0 0 0 0 204 181 91 213 0 0 0 0 0 0 0 0 0 0 0 0 0 255 255 255 255 77 0 1 0 0 0 1 0 0 0 1 4 0 0 221 4 6 6 255 134 25 0 1 0 0 0 57 0 0 0 221 4 6 0 0 0 0 0 1 0 0 0 62 0 0 0 221 4 6 0 0 0 0 0 2 0 0 0 0 0 6 2 142 0 88 0 1 0 0 0 0 0 21 16 ");
SendDirectPlayMessage("2 0 0 0 0 0 1 16 4 0 0 0 0 0 80 101 116 116 101 114 0 0 0 0 0 0 0 0 0 0 0 0 0 0 0 0 0 0 0 0 4 204 181 91 86 1 0 0 0 0 0 0 0 0 1 0 0 0 255 255 79 0 255 255 1 0 0 0 1 0 0 0 1 4 0 0 176 5 5 2 255 134 25 0 1 0 0 0 62 0 0 0 176 5 5 0 0 0 0 0 1 0 0 0 69 0 0 0 176 5 5 0 0 0 0 0 1 0 0 0 0 0 6 2 224 0 88 0 1 0 0 0 0 0 21 16 ");
SendDirectPlayMessage("2 0 0 0 1 0 1 16 0 0 0 0 0 0 70 108 97 109 109 0 0 0 0 0 0 0 0 0 0 0 0 0 0 0 0 0 0 0 0 0 1 204 181 91 10 1 0 0 0 0 0 0 0 0 1 0 0 0 255 255 80 0 255 255 1 0 0 0 1 0 0 0 1 4 0 0 176 5 12 2 255 134 25 0 1 0 0 0 63 0 0 0 176 5 12 0 0 0 0 0 1 0 0 0 57 0 0 0 176 5 12 0 0 0 0 0 1 0 0 0 0 0 6 2 90 0 88 0 1 0 0 0 0 0 21 16 ");
SendDirectPlayMessage("2 0 0 0 2 0 1 16 0 0 0 0 0 0 66 97 99 104 101 114 0 0 0 0 0 0 0 0 0 0 0 0 0 0 0 0 0 0 0 0 0 204 181 91 29 1 0 0 0 0 0 0 0 0 1 0 0 0 255 255 81 0 255 255 1 0 0 0 1 0 0 0 1 4 0 0 110 5 12 2 255 134 25 0 1 0 0 0 56 0 0 0 110 5 12 0 0 0 0 0 1 0 0 0 61 0 0 0 110 5 12 0 0 0 0 0 1 0 0 0 0 0 6 2 90 0 88 0 1 0 0 0 0 0 21 16 ");
SendDirectPlayMessage("2 0 0 0 3 0 1 16 3 0 0 0 1 0 66 97 100 101 114 0 0 0 0 0 0 0 0 0 0 0 0 0 0 0 0 0 0 0 0 0 2 204 181 91 40 1 0 0 0 0 0 0 0 0 0 0 0 0 255 255 82 0 83 0 1 0 0 0 1 0 0 0 1 4 0 0 81 10 5 2 255 134 25 0 1 0 0 0 56 0 0 0 81 10 5 0 0 0 0 0 1 0 0 0 63 0 0 0 81 10 5 0 0 0 0 0 1 0 0 0 0 0 6 2 224 0 88 0 1 0 0 0 0 0 21 16 ");
SendDirectPlayMessage("2 0 0 0 4 0 1 16 2 0 0 0 1 0 69 108 116 101 114 0 0 0 0 0 0 0 0 0 0 0 0 0 0 0 0 0 0 0 0 0 1 204 181 91 54 1 0 0 0 0 0 0 0 0 0 0 0 0 84 0 255 255 85 0 1 0 0 0 1 0 0 0 1 4 0 0 81 10 1 2 255 134 25 0 1 0 0 0 62 0 0 0 81 10 1 0 0 0 0 0 1 0 0 0 70 0 0 0 81 10 1 0 0 0 0 0 0 0 0 0 0 0 6 2 196 9 88 0 1 0 0 0 0 0 21 16 ");
SendDirectPlayMessage("2 0 0 0 5 0 1 16 2 0 0 0 1 0 87 101 105 110 98 101 114 103 101 114 0 0 0 0 0 0 0 0 0 0 0 0 0 0 0 0 1 204 181 91 34 1 0 0 0 0 0 0 0 0 0 0 0 0 255 255 255 255 86 0 1 0 0 0 1 0 0 0 1 4 0 0 81 10 0 2 255 134 25 0 1 0 0 0 65 0 0 0 81 10 0 0 0 0 0 0 1 0 0 0 67 0 0 0 81 10 0 0 0 0 0 0 2 0 0 0 0 0 6 2 40 0 88 0 1 0 0 0 0 0 21 16 ");
SendDirectPlayMessage("2 0 0 0 6 0 1 16 2 0 0 0 1 0 66 117 99 104 98 101 114 103 101 114 0 0 0 0 0 0 0 0 0 0 0 0 0 0 0 0 0 204 181 91 8 1 0 0 0 0 0 0 0 0 1 0 0 0 255 255 255 255 87 0 1 0 0 0 1 0 0 0 1 4 0 0 81 10 2 2 255 134 25 0 1 0 0 0 69 0 0 0 81 10 2 0 0 0 0 0 1 0 0 0 69 0 0 0 81 10 2 0 0 0 0 0 2 0 0 0 0 0 6 2 65 0 88 0 1 0 0 0 0 0 21 16 ");
SendDirectPlayMessage("2 0 0 0 7 0 1 16 3 0 0 0 2 0 71 114 252 110 98 101 114 103 0 0 0 0 0 0 0 0 0 0 0 0 0 0 0 0 0 0 2 204 181 91 48 1 0 0 0 0 0 0 0 0 0 0 0 0 255 255 88 0 89 0 1 0 0 0 1 0 0 0 1 4 0 0 44 5 0 2 255 134 25 0 1 0 0 0 50 0 0 0 44 5 0 0 0 0 0 0 1 0 0 0 56 0 0 0 44 5 0 0 0 0 0 0 1 0 0 0 0 0 6 2 224 0 88 0 1 0 0 0 0 0 21 16 ");
SendDirectPlayMessage("2 0 0 0 8 0 1 16 2 0 0 0 2 0 66 97 114 116 108 115 0 0 0 0 0 0 0 0 0 0 0 0 0 0 0 0 0 0 0 0 1 204 181 91 66 1 0 0 0 0 0 0 0 0 0 0 0 0 90 0 255 255 91 0 1 0 0 0 1 0 0 0 1 4 0 0 234 4 9 2 255 134 25 0 1 0 0 0 54 0 0 0 234 4 9 0 0 0 0 0 1 0 0 0 64 0 0 0 234 4 9 0 0 0 0 0 0 0 0 0 0 0 6 2 226 4 88 0 1 0 0 0 0 0 21 16 ");
SendDirectPlayMessage("2 0 0 0 9 0 1 16 2 0 0 0 2 0 75 108 101 105 110 0 0 0 0 0 0 0 0 0 0 0 0 0 0 0 0 0 0 0 0 0 1 204 181 91 6 1 0 0 0 0 0 0 0 0 0 0 0 0 255 255 255 255 92 0 1 0 0 0 1 0 0 0 1 4 0 0 234 4 8 2 255 134 25 0 1 0 0 0 61 0 0 0 234 4 8 0 0 0 0 0 1 0 0 0 56 0 0 0 234 4 8 0 0 0 0 0 2 0 0 0 0 0 6 2 40 0 88 0 1 0 0 0 0 0 21 16 ");
SendDirectPlayMessage("2 0 0 0 10 0 1 16 3 0 0 0 3 0 75 97 105 115 101 114 0 0 0 0 0 0 0 0 0 0 0 0 0 0 0 0 0 0 0 0 2 204 181 91 39 1 0 0 0 0 0 0 0 0 0 0 0 0 255 255 93 0 94 0 1 0 0 0 1 0 0 0 1 4 0 0 142 9 7 2 255 134 25 0 1 0 0 0 64 0 0 0 142 9 7 0 0 0 0 0 1 0 0 0 57 0 0 0 142 9 7 0 0 0 0 0 1 0 0 0 0 0 6 2 224 0 88 0 1 0 0 0 0 0 21 16 ");
SendDirectPlayMessage("2 0 0 0 11 0 1 16 2 0 0 0 3 0 87 97 104 108 101 0 0 0 0 0 0 0 0 0 0 0 0 0 0 0 0 0 0 0 0 0 0 204 181 91 53 1 0 0 0 0 0 0 0 0 0 0 0 0 96 0 255 255 97 0 1 0 0 0 1 0 0 0 1 4 0 0 142 9 5 2 255 134 25 0 1 0 0 0 59 0 0 0 142 9 5 0 0 0 0 0 1 0 0 0 62 0 0 0 142 9 5 0 0 0 0 0 0 0 0 0 0 0 6 2 226 4 88 0 1 0 0 0 0 0 21 16 ");
SendDirectPlayMessage("2 0 0 0 12 0 1 16 2 0 0 0 3 0 70 117 100 101 114 101 114 0 0 0 0 0 0 0 0 0 0 0 0 0 0 0 0 0 0 0 1 204 181 91 30 1 0 0 0 0 0 0 0 0 0 0 0 0 255 255 255 255 95 0 1 0 0 0 1 0 0 0 1 4 0 0 142 9 1 2 255 134 25 0 1 0 0 0 54 0 0 0 142 9 1 0 0 0 0 0 1 0 0 0 65 0 0 0 142 9 1 0 0 0 0 0 2 0 0 0 0 0 6 2 40 0 88 0 1 0 0 0 0 0 21 16 ");
SendDirectPlayMessage("2 0 0 0 13 0 1 16 1 0 0 0 4 0 83 101 101 108 228 110 100 101 114 0 0 0 0 0 0 0 0 0 0 0 0 0 0 0 0 0 3 204 181 91 77 1 0 0 0 0 0 0 0 0 0 0 0 0 255 255 98 0 99 0 1 0 0 0 1 0 0 0 1 4 0 0 52 6 13 2 255 134 25 0 1 0 0 0 56 0 0 0 52 6 13 0 0 0 0 0 1 0 0 0 53 0 0 0 52 6 13 0 0 0 0 0 1 0 0 0 0 0 6 2 224 0 88 0 1 0 0 0 0 0 21 16 ");
SendDirectPlayMessage("2 0 0 0 14 0 1 16 3 0 0 0 4 0 72 117 116 116 101 114 0 0 0 0 0 0 0 0 0 0 0 0 0 0 0 0 0 0 0 0 2 204 181 91 59 1 0 0 0 0 0 0 0 0 1 0 0 0 255 255 100 0 255 255 1 0 0 0 1 0 0 0 1 4 0 0 118 6 5 2 255 134 25 0 1 0 0 0 65 0 0 0 118 6 5 0 0 0 0 0 1 0 0 0 64 0 0 0 118 6 5 0 0 0 0 0 1 0 0 0 0 0 6 2 90 0 88 0 1 0 0 0 0 0 21 16 ");
SendDirectPlayMessage("2 0 0 0 15 0 1 16 2 0 0 0 4 0 75 114 105 101 103 0 0 0 0 0 0 0 0 0 0 0 0 0 0 0 0 0 0 0 0 0 0 204 181 91 27 1 0 0 0 0 0 0 0 0 1 0 0 0 102 0 255 255 103 0 1 0 0 0 1 0 0 0 1 4 0 0 118 6 1 2 255 134 25 0 1 0 0 0 65 0 0 0 118 6 1 0 0 0 0 0 1 0 0 0 71 0 0 0 118 6 1 0 0 0 0 0 0 0 0 0 0 0 6 2 30 0 88 0 1 0 0 0 0 0 21 16 ");
SendDirectPlayMessage("2 0 0 0 16 0 1 16 0 0 0 0 4 0 76 101 100 101 114 101 114 0 0 0 0 0 0 0 0 0 0 0 0 0 0 0 0 0 0 0 1 204 181 91 39 1 0 0 0 0 0 0 0 0 1 0 0 0 255 255 101 0 255 255 1 0 0 0 1 0 0 0 1 4 0 0 118 6 3 2 255 134 25 0 1 0 0 0 58 0 0 0 118 6 3 0 0 0 0 0 1 0 0 0 50 0 0 0 118 6 3 0 0 0 0 0 1 0 0 0 0 0 6 2 90 0 88 0 1 0 0 0 0 0 21 16 ");
SendDirectPlayMessage("2 0 0 0 17 0 1 16 0 0 0 0 4 0 86 105 108 108 105 110 103 101 114 0 0 0 0 0 0 0 0 0 0 0 0 0 0 0 0 0 1 204 181 91 33 1 0 0 0 0 0 0 0 0 0 0 0 0 255 255 104 0 105 0 1 0 0 0 1 0 0 0 1 4 0 0 118 6 11 2 255 134 25 0 1 0 0 0 47 0 0 0 118 6 11 0 0 0 0 0 1 0 0 0 49 0 0 0 118 6 11 0 0 0 0 0 1 0 0 0 0 0 6 2 90 0 88 0 1 0 0 0 0 0 21 16 ");
SendDirectPlayMessage("2 0 0 0 18 0 1 16 0 0 0 0 4 0 82 117 223 0 0 0 0 0 0 0 0 0 0 0 0 0 0 0 0 0 0 0 0 0 0 0 1 204 181 91 48 1 0 0 0 0 0 0 0 0 0 0 0 0 255 255 106 0 107 0 1 0 0 0 1 0 0 0 1 4 0 0 118 6 12 2 255 134 25 0 1 0 0 0 61 0 0 0 118 6 12 0 0 0 0 0 1 0 0 0 69 0 0 0 118 6 12 0 0 0 0 0 1 0 0 0 0 0 6 2 65 0 88 0 1 0 0 0 0 0 21 16 ");
SendDirectPlayMessage("2 0 0 0 19 0 1 16 0 0 0 0 4 0 86 111 105 103 116 0 0 0 0 0 0 0 0 0 0 0 0 0 0 0 0 0 0 0 0 0 0 204 181 91 6 1 0 0 0 0 0 0 0 0 0 0 0 0 255 255 108 0 109 0 1 0 0 0 1 0 0 0 1 4 0 0 117 6 3 2 255 134 25 0 1 0 0 0 59 0 0 0 117 6 3 0 0 0 0 0 1 0 0 0 60 0 0 0 117 6 3 0 0 0 0 0 1 0 0 0 0 0 6 2 90 0 88 0 1 0 0 0 0 0 21 16 ");
SendDirectPlayMessage("2 0 0 0 20 0 1 16 1 0 0 0 5 0 75 117 104 110 101 114 116 0 0 0 0 0 0 0 0 0 0 0 0 0 0 0 0 0 0 0 3 204 181 91 77 1 0 0 0 0 0 0 0 0 0 0 0 0 255 255 110 0 111 0 1 0 0 0 1 0 0 0 1 4 0 0 107 5 13 2 255 134 25 0 1 0 0 0 68 0 0 0 107 5 13 0 0 0 0 0 1 0 0 0 57 0 0 0 107 5 13 0 0 0 0 0 1 0 0 0 0 0 6 2 224 0 88 0 1 0 0 0 0 0 21 16 ");
SendDirectPlayMessage("2 0 0 0 21 0 1 16 3 0 0 0 5 0 74 101 108 108 109 97 110 110 0 0 0 0 0 0 0 0 0 0 0 0 0 0 0 0 0 0 2 204 181 91 63 1 0 0 0 0 0 0 0 0 1 0 0 0 255 255 112 0 255 255 1 0 0 0 1 0 0 0 1 4 0 0 173 5 5 2 255 134 25 0 1 0 0 0 52 0 0 0 173 5 5 0 0 0 0 0 1 0 0 0 69 0 0 0 173 5 5 0 0 0 0 0 1 0 0 0 0 0 6 2 90 0 88 0 1 0 0 0 0 0 21 16 ");
SendDirectPlayMessage("2 0 0 0 22 0 1 16 2 0 0 0 5 0 76 105 101 98 0 0 0 0 0 0 0 0 0 0 0 0 0 0 0 0 0 0 0 0 0 0 0 204 181 91 35 1 0 0 0 0 0 0 0 0 1 0 0 0 118 0 255 255 119 0 1 0 0 0 1 0 0 0 1 4 0 0 173 5 1 2 255 134 25 0 1 0 0 0 67 0 0 0 173 5 1 0 0 0 0 0 1 0 0 0 63 0 0 0 173 5 1 0 0 0 0 0 0 0 0 0 0 0 6 2 30 0 88 0 1 0 0 0 0 0 21 16 ");
SendDirectPlayMessage("2 0 0 0 23 0 1 16 0 0 0 0 5 0 87 97 104 108 0 0 0 0 0 0 0 0 0 0 0 0 0 0 0 0 0 0 0 0 0 0 0 204 181 91 21 1 0 0 0 0 0 0 0 0 0 0 0 0 255 255 114 0 115 0 1 0 0 0 1 0 0 0 1 4 0 0 173 5 11 2 255 134 25 0 1 0 0 0 60 0 0 0 173 5 11 0 0 0 0 0 1 0 0 0 60 0 0 0 173 5 11 0 0 0 0 0 1 0 0 0 0 0 6 2 90 0 88 0 1 0 0 0 0 0 21 16 ");
SendDirectPlayMessage("2 0 0 0 24 0 1 16 0 0 0 0 5 0 72 111 102 109 97 110 110 0 0 0 0 0 0 0 0 0 0 0 0 0 0 0 0 0 0 0 0 204 181 91 44 1 0 0 0 0 0 0 0 0 0 0 0 0 255 255 116 0 117 0 1 0 0 0 1 0 0 0 1 4 0 0 173 5 12 2 255 134 25 0 1 0 0 0 63 0 0 0 173 5 12 0 0 0 0 0 1 0 0 0 67 0 0 0 173 5 12 0 0 0 0 0 1 0 0 0 0 0 6 2 65 0 88 0 1 0 0 0 0 0 21 16 ");
SendDirectPlayMessage("2 0 0 0 25 0 1 16 0 0 0 0 5 0 74 111 100 108 0 0 0 0 0 0 0 0 0 0 0 0 0 0 0 0 0 0 0 0 0 0 1 204 181 91 34 1 0 0 0 0 0 0 0 0 1 0 0 0 255 255 113 0 255 255 1 0 0 0 1 0 0 0 1 4 0 0 173 5 3 2 255 134 25 0 1 0 0 0 62 0 0 0 173 5 3 0 0 0 0 0 1 0 0 0 52 0 0 0 173 5 3 0 0 0 0 0 1 0 0 0 0 0 6 2 90 0 88 0 1 0 0 0 0 0 21 16 ");
SendDirectPlayMessage("2 0 0 0 26 0 1 16 0 0 0 0 5 0 80 111 104 108 101 0 0 0 0 0 0 0 0 0 0 0 0 0 0 0 0 0 0 0 0 0 0 204 181 91 39 1 0 0 0 0 0 0 0 0 0 0 0 0 255 255 120 0 121 0 1 0 0 0 1 0 0 0 1 4 0 0 172 5 3 2 255 134 25 0 1 0 0 0 52 0 0 0 172 5 3 0 0 0 0 0 1 0 0 0 52 0 0 0 172 5 3 0 0 0 0 0 1 0 0 0 0 0 6 2 90 0 88 0 1 0 0 0 0 0 21 16 ");
SendDirectPlayMessage("2 0 0 0 27 0 1 16 1 0 0 0 6 0 66 111 101 108 99 107 101 0 0 0 0 0 0 0 0 0 0 0 0 0 0 0 0 0 0 0 3 204 181 91 77 1 0 0 0 0 0 0 0 0 0 0 0 0 255 255 122 0 123 0 1 0 0 0 1 0 0 0 1 4 0 0 223 3 14 2 255 134 25 0 1 0 0 0 55 0 0 0 223 3 14 0 0 0 0 0 1 0 0 0 58 0 0 0 223 3 14 0 0 0 0 0 1 0 0 0 0 0 6 2 224 0 88 0 1 0 0 0 0 0 21 16 ");
SendDirectPlayMessage("2 0 0 0 28 0 1 16 3 0 0 0 6 0 83 99 104 97 117 98 0 0 0 0 0 0 0 0 0 0 0 0 0 0 0 0 0 0 0 0 2 204 181 91 66 1 0 0 0 0 0 0 0 0 1 0 0 0 255 255 124 0 255 255 1 0 0 0 1 0 0 0 1 4 0 0 222 3 6 2 255 134 25 0 1 0 0 0 61 0 0 0 222 3 6 0 0 0 0 0 1 0 0 0 68 0 0 0 222 3 6 0 0 0 0 0 1 0 0 0 0 0 6 2 90 0 88 0 1 0 0 0 0 0 21 16 ");
SendDirectPlayMessage("2 0 0 0 29 0 1 16 2 0 0 0 6 0 82 117 100 111 114 102 101 114 0 0 0 0 0 0 0 0 0 0 0 0 0 0 0 0 0 0 0 204 181 91 27 1 0 0 0 0 0 0 0 0 1 0 0 0 126 0 255 255 127 0 1 0 0 0 1 0 0 0 1 4 0 0 33 4 1 2 255 134 25 0 1 0 0 0 56 0 0 0 33 4 1 0 0 0 0 0 1 0 0 0 58 0 0 0 33 4 1 0 0 0 0 0 0 0 0 0 0 0 6 2 30 0 88 0 1 0 0 0 0 0 21 16 ");
SendDirectPlayMessage("2 0 0 0 30 0 1 16 0 0 0 0 6 0 77 101 116 122 108 101 114 0 0 0 0 0 0 0 0 0 0 0 0 0 0 0 0 0 0 0 1 204 181 91 47 1 0 0 0 0 0 0 0 0 1 0 0 0 255 255 125 0 255 255 1 0 0 0 1 0 0 0 1 4 0 0 222 3 5 2 255 134 25 0 1 0 0 0 48 0 0 0 222 3 5 0 0 0 0 0 1 0 0 0 58 0 0 0 222 3 5 0 0 0 0 0 1 0 0 0 0 0 6 2 90 0 88 0 1 0 0 0 0 0 21 16 ");
SendDirectPlayMessage("2 0 0 0 31 0 1 16 0 0 0 0 6 0 75 252 104 110 0 0 0 0 0 0 0 0 0 0 0 0 0 0 0 0 0 0 0 0 0 0 0 204 181 91 0 1 0 0 0 0 0 0 0 0 0 0 0 0 255 255 128 0 129 0 1 0 0 0 1 0 0 0 1 4 0 0 33 4 11 2 255 134 25 0 1 0 0 0 48 0 0 0 33 4 11 0 0 0 0 0 1 0 0 0 52 0 0 0 33 4 11 0 0 0 0 0 1 0 0 0 0 0 6 2 90 0 88 0 1 0 0 0 0 0 21 16 ");
SendDirectPlayMessage("2 0 0 0 32 0 1 16 0 0 0 0 6 0 82 105 116 116 101 114 0 0 0 0 0 0 0 0 0 0 0 0 0 0 0 0 0 0 0 0 1 204 181 91 41 1 0 0 0 0 0 0 0 0 0 0 0 0 255 255 130 0 131 0 1 0 0 0 1 0 0 0 1 4 0 0 33 4 5 2 255 134 25 0 1 0 0 0 67 0 0 0 33 4 5 0 0 0 0 0 1 0 0 0 51 0 0 0 33 4 5 0 0 0 0 0 1 0 0 0 0 0 6 2 90 0 88 0 1 0 0 0 0 0 21 16 ");
SendDirectPlayMessage("2 0 0 0 33 0 1 16 0 0 0 0 6 0 76 97 115 115 101 114 0 0 0 0 0 0 0 0 0 0 0 0 0 0 0 0 0 0 0 0 1 204 181 91 42 1 0 0 0 0 0 0 0 0 0 0 0 0 255 255 132 0 133 0 1 0 0 0 1 0 0 0 1 4 0 0 33 4 3 2 255 134 25 0 1 0 0 0 54 0 0 0 33 4 3 0 0 0 0 0 1 0 0 0 65 0 0 0 33 4 3 0 0 0 0 0 1 0 0 0 0 0 6 2 65 0 88 0 1 0 0 0 0 0 21 16 ");
SendDirectPlayMessage("2 0 0 0 34 0 1 16 5 0 0 0 7 0 68 252 115 115 101 108 107 97 109 112 0 0 0 0 0 0 0 0 0 0 0 0 0 0 0 0 3 204 181 91 54 1 0 0 0 0 0 0 0 0 0 0 0 0 255 255 134 0 135 0 1 0 0 0 1 0 0 0 1 4 0 0 8 1 2 2 255 134 25 0 1 0 0 0 68 0 0 0 8 1 2 0 0 0 0 0 1 0 0 0 63 0 0 0 8 1 2 0 0 0 0 0 1 0 0 0 0 0 6 2 224 0 88 0 1 0 0 0 0 0 21 16 ");
SendDirectPlayMessage("2 0 0 0 35 0 1 16 2 0 0 0 7 0 68 101 117 116 115 99 104 101 114 0 0 0 0 0 0 0 0 0 0 0 0 0 0 0 0 0 1 204 181 91 19 1 0 0 0 0 0 0 0 0 0 0 0 0 255 255 255 255 136 0 1 0 0 0 1 0 0 0 1 4 0 0 9 1 3 2 255 134 25 0 1 0 0 0 63 0 0 0 9 1 3 0 0 0 0 0 1 0 0 0 54 0 0 0 9 1 3 0 0 0 0 0 2 0 0 0 0 0 6 2 24 0 88 0 1 0 0 0 0 0 21 16 ");
SendDirectPlayMessage("2 0 0 0 36 0 1 16 2 0 0 0 7 0 71 97 108 97 116 122 0 0 0 0 0 0 0 0 0 0 0 0 0 0 0 0 0 0 0 0 1 204 181 91 27 1 0 0 0 0 0 0 0 0 0 0 0 0 255 255 255 255 137 0 1 0 0 0 1 0 0 0 1 4 0 0 74 1 3 2 255 134 25 0 1 0 0 0 55 0 0 0 74 1 3 0 0 0 0 0 1 0 0 0 53 0 0 0 74 1 3 0 0 0 0 0 2 0 0 0 0 0 6 2 24 0 88 0 1 0 0 0 0 0 21 16 ");
SendDirectPlayMessage("2 0 0 0 37 0 1 16 2 0 0 0 7 0 70 252 108 108 101 114 0 0 0 0 0 0 0 0 0 0 0 0 0 0 0 0 0 0 0 0 0 204 181 91 255 0 0 0 0 0 0 0 0 0 0 0 0 0 255 255 255 255 138 0 1 0 0 0 1 0 0 0 1 4 0 0 8 1 11 2 255 134 25 0 1 0 0 0 54 0 0 0 8 1 11 0 0 0 0 0 1 0 0 0 57 0 0 0 8 1 11 0 0 0 0 0 2 0 0 0 0 0 6 2 24 0 88 0 1 0 0 0 0 0 21 16 ");
SendDirectPlayMessage("2 0 0 0 38 0 1 16 3 0 0 0 8 0 72 97 117 115 101 108 0 0 0 0 0 0 0 0 0 0 0 0 0 0 0 0 0 0 0 0 2 204 181 91 27 1 0 0 0 0 0 0 0 0 0 0 0 0 255 255 139 0 140 0 1 0 0 0 1 0 0 0 1 4 0 0 68 0 12 2 255 134 25 0 1 0 0 0 63 0 0 0 68 0 12 0 0 0 0 0 1 0 0 0 60 0 0 0 68 0 12 0 0 0 0 0 1 0 0 0 0 0 6 2 224 0 88 0 1 0 0 0 0 0 21 16 ");
SendDirectPlayMessage("2 0 0 0 39 0 1 16 2 0 0 0 8 0 66 114 97 100 116 107 101 0 0 0 0 0 0 0 0 0 0 0 0 0 0 0 0 0 0 0 1 204 181 91 34 1 0 0 0 0 0 0 0 0 0 0 0 0 255 255 255 255 143 0 1 0 0 0 1 0 0 0 1 4 0 0 1 0 15 2 255 134 25 0 1 0 0 0 60 0 0 0 1 0 15 0 0 0 0 0 1 0 0 0 54 0 0 0 1 0 15 0 0 0 0 0 2 0 0 0 0 0 6 2 65 0 88 0 1 0 0 0 0 0 21 16 ");
SendDirectPlayMessage("2 0 0 0 40 0 1 16 2 0 0 0 8 0 66 114 117 99 107 101 114 0 0 0 0 0 0 0 0 0 0 0 0 0 0 0 0 0 0 0 1 204 181 91 39 1 0 0 4 0 0 0 0 0 1 0 0 0 141 0 255 255 142 0 1 0 0 0 1 0 0 0 1 4 0 0 67 0 1 2 255 134 25 0 1 0 0 0 66 0 0 0 67 0 1 0 0 0 0 0 1 0 0 0 49 0 0 0 67 0 1 0 0 0 0 0 0 0 0 0 1 0 6 2 63 0 88 0 1 0 0 0 0 0 21 16 ");
SendDirectPlayMessage("2 0 0 0 41 0 1 16 2 0 0 0 8 0 83 99 104 101 108 108 0 0 0 0 0 0 0 0 0 0 0 0 0 0 0 0 0 0 0 0 1 204 181 91 19 1 0 0 0 0 0 0 0 0 1 0 0 0 255 255 255 255 144 0 1 0 0 0 1 0 0 0 1 4 0 0 2 0 4 2 255 134 25 0 1 0 0 0 65 0 0 0 2 0 4 0 0 0 0 0 1 0 0 0 64 0 0 0 2 0 4 0 0 0 0 0 2 0 0 0 0 0 6 2 65 0 88 0 1 0 0 0 0 0 21 16 ");
SendDirectPlayMessage("7 0 0 0 0 0 0 71 114 111 117 112 32 76 101 97 100 101 114 0 0 0 0 0 0 0 0 0 0 0 0 0 79 0 0 0 1 0 2 0 255 255 255 255 255 255 255 255 255 255 255 255 255 255 255 0 0 0 0 0 0 0 0 0 3 0 255 0 2 0 0 0 255 255 6 0 133 3 5 0 3 1 0 0 53 1 0 0 0 255 144 0 121 1 0 0 0 0 255 255 255 255 255 255 255 255 255 255 255 255 255 255 255 255 255 255 255 255 7 0 7 0 5 0 1 0 1 0 0 0 4 0 4 0 0 0 0 0 0 0 0 0 0 0 0 0 0 0 0 0 0 0 0 0 0 0 223 1 1 0 40 0 1 16 ");
SendDirectPlayMessage("7 0 0 0 1 0 0 76 77 71 32 73 110 102 97 110 116 114 121 0 0 0 0 0 0 0 0 0 0 0 0 0 22 0 3 0 4 0 5 0 9 0 10 0 11 0 6 0 7 0 8 0 12 0 255 0 8 0 0 0 0 0 0 0 10 0 255 0 0 0 3 0 5 0 6 0 172 9 1 0 213 0 0 0 221 0 0 0 0 255 144 0 69 1 0 0 0 0 255 255 255 255 255 255 255 255 255 255 255 255 255 255 255 255 255 255 255 255 10 0 10 0 7 0 5 0 5 0 4 0 6 0 5 0 2 0 2 0 1 0 1 0 0 0 0 0 0 0 0 0 0 0 0 0 0 0 223 1 1 0 255 0 1 16 ");
SendDirectPlayMessage("7 0 0 0 2 0 0 76 77 71 32 73 110 102 97 110 116 114 121 0 0 0 0 0 0 0 0 0 0 0 0 0 22 0 13 0 14 0 16 0 17 0 18 0 19 0 22 0 20 0 21 0 15 0 255 0 8 0 0 0 0 0 0 0 10 0 255 0 0 0 13 0 15 0 6 0 175 9 1 0 216 0 0 0 225 0 0 0 0 255 144 0 70 1 0 0 0 0 255 255 255 255 255 255 255 255 255 255 255 255 255 255 255 255 255 255 255 255 10 0 10 0 6 0 5 0 5 0 4 0 6 0 5 0 2 0 2 0 1 0 1 0 0 0 0 0 0 0 0 0 0 0 0 0 0 0 223 1 1 0 255 0 1 16 ");
SendDirectPlayMessage("7 0 0 0 3 0 0 76 105 103 104 116 32 73 110 102 97 110 116 114 121 0 0 0 0 0 0 0 0 0 0 0 7 0 23 0 24 0 25 0 28 0 30 0 31 0 29 0 27 0 26 0 32 0 255 0 7 0 0 0 0 0 0 0 10 0 4 0 0 0 23 0 255 255 6 0 75 4 5 0 207 0 0 0 250 0 0 0 0 255 144 0 95 1 0 0 0 0 255 255 255 255 255 255 255 255 255 255 255 255 255 255 255 255 255 255 255 255 10 0 10 0 5 0 4 0 3 0 1 0 6 0 5 0 1 0 0 0 0 0 0 0 0 0 0 0 0 0 0 0 0 0 0 0 0 0 223 1 1 0 40 0 1 16 ");
SendDirectPlayMessage("7 0 0 0 4 0 0 76 105 103 104 116 32 73 110 102 97 110 116 114 121 0 0 0 0 0 0 0 0 0 0 0 7 0 33 0 34 0 36 0 37 0 38 0 39 0 42 0 40 0 41 0 35 0 255 0 7 0 0 0 0 0 0 0 10 0 4 0 0 0 33 0 255 255 6 0 130 3 5 0 212 0 0 0 255 0 0 0 0 255 144 0 97 1 0 0 0 0 255 255 255 255 255 255 255 255 255 255 255 255 255 255 255 255 255 255 255 255 10 0 10 0 5 0 4 0 3 0 1 0 6 0 5 0 1 0 0 0 0 0 0 0 0 0 0 0 0 0 0 0 0 0 0 0 0 0 223 1 1 0 40 0 1 16 ");
SendDirectPlayMessage("7 0 0 0 5 0 0 76 105 103 104 116 32 73 110 102 97 110 116 114 121 0 0 0 0 0 0 0 0 0 0 0 7 0 43 0 44 0 45 0 47 0 50 0 51 0 49 0 46 0 48 0 52 0 255 0 7 0 0 0 0 0 0 0 10 0 4 0 0 0 43 0 255 255 6 0 12 4 12 0 206 0 0 0 249 0 0 0 0 255 144 0 94 1 0 0 0 0 255 255 255 255 255 255 255 255 255 255 255 255 255 255 255 255 255 255 255 255 10 0 10 0 5 0 4 0 3 0 1 0 6 0 5 0 1 0 0 0 0 0 0 0 0 0 0 0 0 0 0 0 0 0 0 0 0 0 223 1 1 0 40 0 1 16 ");
SendDirectPlayMessage("7 0 0 0 6 0 0 77 77 71 32 84 101 97 109 0 0 0 0 0 0 0 0 0 0 0 0 0 0 0 0 0 4 0 53 0 55 0 54 0 255 255 255 255 255 255 255 255 255 255 255 255 255 255 255 0 11 0 0 0 0 0 0 0 3 0 255 0 0 0 53 0 54 0 6 0 179 2 1 0 1 1 0 0 9 1 0 0 0 255 144 0 44 1 0 0 0 0 255 255 255 255 255 255 255 255 255 255 255 255 255 255 255 255 255 255 255 255 8 0 8 0 5 0 5 0 5 0 4 0 4 0 4 0 1 0 0 0 0 0 0 0 0 0 0 0 0 0 0 0 0 0 0 0 0 0 223 1 1 0 255 0 1 16 ");
SendDirectPlayMessage("7 0 0 0 7 0 0 52 53 109 109 32 65 84 32 71 117 110 0 0 0 0 0 0 0 0 0 0 0 0 0 0 33 0 56 0 57 0 59 0 58 0 255 255 255 255 255 255 255 255 255 255 255 255 0 0 19 0 0 0 0 0 0 0 4 0 255 0 0 0 56 0 59 0 6 0 118 3 8 0 235 0 0 0 243 0 0 0 1 255 144 0 75 1 0 0 0 0 255 255 255 255 255 255 255 255 255 255 255 255 255 255 255 255 255 255 255 255 8 0 8 0 4 0 3 0 3 0 2 0 5 0 5 0 4 0 4 0 4 0 4 0 0 0 0 0 0 0 0 0 0 0 0 0 0 0 223 1 1 0 255 0 1 16 ");
SendDirectPlayMessage("7 0 0 0 8 0 0 56 50 109 109 32 77 111 114 116 97 114 0 0 0 0 0 0 0 0 0 0 0 0 0 0 6 0 60 0 61 0 62 0 63 0 255 255 255 255 255 255 255 255 255 255 255 255 255 0 12 0 0 0 0 0 0 0 4 0 255 0 0 0 60 0 62 0 6 0 221 4 14 0 226 0 0 0 231 0 0 0 0 255 144 0 70 1 0 0 0 0 255 255 255 255 255 255 255 255 255 255 255 255 255 255 255 255 255 255 255 255 8 0 8 0 4 0 2 0 4 0 4 0 4 0 4 0 1 0 0 0 3 0 3 0 0 0 0 0 0 0 0 0 0 0 0 0 0 0 223 1 1 0 255 0 1 16 ");
SendDirectPlayMessage("7 0 0 0 0 0 1 71 114 111 117 112 32 76 101 97 100 101 114 0 0 0 0 0 0 0 0 0 0 0 0 0 93 0 0 0 1 0 2 0 255 255 255 255 255 255 255 255 255 255 255 255 255 255 255 0 0 0 0 0 0 0 0 0 3 0 255 0 2 0 0 0 255 255 2 0 176 5 5 0 41 1 0 0 79 1 0 0 0 255 144 0 139 1 0 0 0 0 255 255 255 255 255 255 255 255 255 255 255 255 255 255 255 255 255 255 255 255 8 0 8 0 4 0 1 0 1 0 0 0 4 0 4 0 0 0 0 0 0 0 0 0 0 0 0 0 0 0 0 0 0 0 0 0 0 0 223 1 1 0 40 0 1 16 ");
SendDirectPlayMessage("7 0 0 0 1 0 1 72 77 71 32 84 101 97 109 0 0 0 0 0 0 0 0 0 0 0 0 0 0 0 0 0 75 0 3 0 4 0 5 0 6 0 255 255 255 255 255 255 255 255 255 255 255 255 255 0 11 0 0 0 0 0 0 0 4 0 255 0 0 0 3 0 4 0 2 0 81 10 1 0 34 1 0 0 40 1 0 0 0 255 144 0 109 1 0 0 0 0 255 255 255 255 255 255 255 255 255 255 255 255 255 255 255 255 255 255 255 255 10 0 10 0 9 0 8 0 7 0 6 0 4 0 4 0 1 0 1 0 0 0 0 0 0 0 0 0 0 0 0 0 0 0 0 0 0 0 223 1 1 0 255 0 1 16 ");
SendDirectPlayMessage("7 0 0 0 2 0 1 77 71 32 84 101 97 109 0 0 0 0 0 0 0 0 0 0 0 0 0 0 0 0 0 0 74 0 7 0 8 0 9 0 255 255 255 255 255 255 255 255 255 255 255 255 255 255 255 0 11 0 0 0 0 0 0 0 3 0 4 0 0 0 7 0 8 0 2 0 234 4 8 0 40 1 0 0 72 1 0 0 0 255 144 0 132 1 0 0 0 0 255 255 255 255 255 255 255 255 255 255 255 255 255 255 255 255 255 255 255 255 10 0 10 0 7 0 6 0 5 0 5 0 4 0 4 0 1 0 1 0 0 0 0 0 0 0 0 0 0 0 0 0 0 0 0 0 0 0 223 1 1 0 40 0 1 16 ");
SendDirectPlayMessage("7 0 0 0 3 0 1 77 71 32 84 101 97 109 0 0 0 0 0 0 0 0 0 0 0 0 0 0 0 0 0 0 74 0 10 0 12 0 11 0 255 255 255 255 255 255 255 255 255 255 255 255 255 255 255 0 11 0 0 0 0 0 0 0 3 0 255 0 0 0 10 0 11 0 2 0 142 9 1 0 40 1 0 0 48 1 0 0 0 255 144 0 111 1 0 0 0 0 255 255 255 255 255 255 255 255 255 255 255 255 255 255 255 255 255 255 255 255 10 0 10 0 7 0 6 0 5 0 5 0 4 0 4 0 1 0 1 0 0 0 0 0 0 0 0 0 0 0 0 0 0 0 0 0 0 0 223 1 1 0 255 0 1 16 ");
SendDirectPlayMessage("7 0 0 0 4 0 1 76 116 32 73 110 102 97 110 116 114 121 0 0 0 0 0 0 0 0 0 0 0 0 0 0 84 0 13 0 14 0 16 0 17 0 18 0 15 0 19 0 255 255 255 255 255 255 255 0 7 0 0 0 0 0 0 0 7 0 4 0 0 0 13 0 15 0 2 0 118 6 1 0 41 1 0 0 72 1 0 0 0 255 144 0 135 1 0 0 0 0 255 255 255 255 255 255 255 255 255 255 255 255 255 255 255 255 255 255 255 255 10 0 10 0 5 0 3 0 2 0 0 0 8 0 5 0 2 0 2 0 1 0 1 0 0 0 0 0 0 0 0 0 0 0 0 0 0 0 223 1 1 0 40 0 1 16 ");
SendDirectPlayMessage("7 0 0 0 5 0 1 76 116 32 73 110 102 97 110 116 114 121 0 0 0 0 0 0 0 0 0 0 0 0 0 0 84 0 20 0 21 0 25 0 23 0 24 0 22 0 26 0 255 255 255 255 255 255 255 0 7 0 0 0 0 0 0 0 7 0 4 0 0 0 20 0 22 0 2 0 173 5 1 0 44 1 0 0 74 1 0 0 0 255 144 0 136 1 0 0 0 0 255 255 255 255 255 255 255 255 255 255 255 255 255 255 255 255 255 255 255 255 10 0 10 0 5 0 3 0 2 0 0 0 8 0 5 0 2 0 2 0 1 0 1 0 0 0 0 0 0 0 0 0 0 0 0 0 0 0 223 1 1 0 40 0 1 16 ");
SendDirectPlayMessage("7 0 0 0 6 0 1 76 116 32 73 110 102 97 110 116 114 121 0 0 0 0 0 0 0 0 0 0 0 0 0 0 84 0 27 0 28 0 30 0 32 0 33 0 29 0 31 0 255 255 255 255 255 255 255 0 7 0 0 0 0 0 0 0 7 0 255 0 0 0 27 0 29 0 2 0 223 3 14 0 42 1 0 0 50 1 0 0 0 255 144 0 116 1 0 0 0 0 255 255 255 255 255 255 255 255 255 255 255 255 255 255 255 255 255 255 255 255 10 0 10 0 5 0 3 0 2 0 0 0 8 0 5 0 2 0 2 0 1 0 1 0 0 0 0 0 0 0 0 0 0 0 0 0 0 0 223 1 1 0 255 0 1 16 ");
SendDirectPlayMessage("7 0 0 0 7 0 1 83 116 117 71 32 73 73 73 32 67 0 0 0 0 0 0 0 0 0 0 0 0 0 0 0 233 0 34 0 35 0 36 0 37 0 255 255 255 255 255 255 255 255 255 255 255 255 255 0 27 0 0 0 0 0 0 0 4 0 255 0 0 0 34 0 255 255 2 0 8 1 11 0 24 1 0 0 34 1 0 0 0 255 144 0 109 1 0 0 0 0 255 255 255 255 255 255 255 255 255 255 255 255 255 255 255 255 255 255 255 255 9 0 9 0 4 0 0 0 0 0 0 0 4 0 4 0 0 0 0 0 0 0 0 0 0 0 0 0 0 0 0 0 0 0 0 0 0 0 223 1 1 0 255 0 1 16 ");
SendDirectPlayMessage("7 0 0 0 8 0 1 56 99 109 32 77 111 114 116 97 114 0 0 0 0 0 0 0 0 0 0 0 0 0 0 0 7 0 38 0 39 0 40 0 41 0 255 255 255 255 255 255 255 255 255 255 255 255 255 0 12 0 0 0 0 0 0 0 4 0 255 0 0 0 38 0 40 0 2 0 67 0 1 0 29 1 0 0 37 1 0 0 0 255 144 0 107 1 0 0 0 0 255 255 255 255 255 255 255 255 255 255 255 255 255 255 255 255 255 255 255 255 9 0 9 0 4 0 2 0 5 0 4 0 4 0 4 0 0 0 0 0 3 0 3 0 0 0 0 0 0 0 0 0 0 0 0 0 0 0 223 1 1 0 255 0 1 16 ");
SendDirectPlayMessage("9 0 0 0 8 0 7 0 0 0 68 0 56 0 57 0 59 0 58 0 255 255 255 255 255 255 78 0 255 255 255 255 37 0 7 0 0 0 0 0 0 0 0 0 0 0 0 0 0 0 0 0 0 0 0 0 0 0 0 0 0 0 96 0 96 0 255 255 255 255 255 255 0 0 0 0 0 0 0 0 0 0 0 0 0 0 0 0 0 0 0 0 0 0 0 0 0 0 0 0 0 0 96 0 96 0 0 0 2 0 0 0 8 0 118 3 118 3 0 0 0 0 0 0 5 5 5 5 0 0 0 0 0 0 0 0 0 0 1 16 ");
SendDirectPlayMessage("10 0 0 0 0 0 0 255 255 255 122 9 112 134 25 0 255 198 1 0 ");
SendDirectPlayMessage("10 0 0 0 1 0 1 255 255 255 122 9 112 134 25 0 255 198 1 0 ");
SendDirectPlayMessage("10 0 0 0 2 0 2 255 255 255 122 9 112 134 25 0 255 198 1 0 ");
SendDirectPlayMessage("10 0 0 0 3 0 5 255 255 255 122 9 116 134 25 0 0 198 70 0 ");
SendDirectPlayMessage("10 0 0 0 4 0 5 255 255 255 122 9 116 134 25 0 0 198 70 0 ");
SendDirectPlayMessage("10 0 0 0 5 0 6 255 255 255 122 9 116 134 25 0 0 198 4 0 ");
SendDirectPlayMessage("10 0 0 0 6 0 5 255 255 255 122 9 116 134 25 0 0 198 70 0 ");
SendDirectPlayMessage("10 0 0 0 7 0 5 255 255 255 122 9 116 134 25 0 0 198 70 0 ");
SendDirectPlayMessage("10 0 0 0 8 0 8 255 255 255 122 9 116 134 25 0 0 198 46 0 ");
SendDirectPlayMessage("10 0 0 0 9 0 51 255 255 255 122 9 116 134 25 0 0 198 7 0 ");
SendDirectPlayMessage("10 0 0 0 10 0 6 255 255 255 122 9 116 134 25 0 0 198 4 0 ");
SendDirectPlayMessage("10 0 0 0 11 0 6 255 255 255 122 9 116 134 25 0 0 198 4 0 ");
SendDirectPlayMessage("10 0 0 0 12 0 6 255 255 255 122 9 116 134 25 0 0 198 4 0 ");
SendDirectPlayMessage("10 0 0 0 13 0 6 255 255 255 122 9 116 134 25 0 0 198 4 0 ");
SendDirectPlayMessage("10 0 0 0 14 0 6 255 255 255 122 9 116 134 25 0 0 198 4 0 ");
SendDirectPlayMessage("10 0 0 0 15 0 6 255 255 255 122 9 116 134 25 0 0 198 4 0 ");
SendDirectPlayMessage("10 0 0 0 16 0 104 255 255 255 122 9 116 134 25 0 4 198 0 0 ");
SendDirectPlayMessage("10 0 0 0 17 0 78 255 255 255 122 9 116 134 25 0 0 198 29 0 ");
SendDirectPlayMessage("10 0 0 0 18 0 51 255 255 255 122 9 116 134 25 0 0 198 7 0 ");
SendDirectPlayMessage("10 0 0 0 19 0 5 255 255 255 122 9 116 134 25 0 0 198 70 0 ");
SendDirectPlayMessage("10 0 0 0 20 0 5 255 255 255 122 9 116 134 25 0 0 198 70 0 ");
SendDirectPlayMessage("10 0 0 0 21 0 78 255 255 255 122 9 116 134 25 0 0 198 29 0 ");
SendDirectPlayMessage("10 0 0 0 22 0 51 255 255 255 122 9 116 134 25 0 0 198 7 0 ");
SendDirectPlayMessage("10 0 0 0 23 0 8 255 255 255 122 9 116 134 25 0 0 198 46 0 ");
SendDirectPlayMessage("10 0 0 0 24 0 51 255 255 255 122 9 116 134 25 0 0 198 7 0 ");
SendDirectPlayMessage("10 0 0 0 25 0 6 255 255 255 122 9 116 134 25 0 0 198 4 0 ");
SendDirectPlayMessage("10 0 0 0 26 0 6 255 255 255 122 9 116 134 25 0 0 198 4 0 ");
SendDirectPlayMessage("10 0 0 0 27 0 6 255 255 255 122 9 116 134 25 0 0 198 4 0 ");
SendDirectPlayMessage("10 0 0 0 28 0 104 255 255 255 122 9 116 134 25 0 4 198 0 0 ");
SendDirectPlayMessage("10 0 0 0 29 0 6 255 255 255 122 9 116 134 25 0 0 198 4 0 ");
SendDirectPlayMessage("10 0 0 0 30 0 6 255 255 255 122 9 116 134 25 0 0 198 4 0 ");
SendDirectPlayMessage("10 0 0 0 31 0 6 255 255 255 122 9 116 134 25 0 0 198 4 0 ");
SendDirectPlayMessage("10 0 0 0 32 0 5 255 255 255 122 9 116 134 25 0 0 198 70 0 ");
SendDirectPlayMessage("10 0 0 0 33 0 6 255 255 255 122 9 116 134 25 0 0 198 4 0 ");
SendDirectPlayMessage("10 0 0 0 34 0 104 255 255 255 122 9 116 134 25 0 4 198 0 0 ");
SendDirectPlayMessage("10 0 0 0 35 0 30 255 255 255 122 9 116 134 25 0 0 198 4 0 ");
SendDirectPlayMessage("10 0 0 0 36 0 6 255 255 255 122 9 116 134 25 0 0 198 4 0 ");
SendDirectPlayMessage("10 0 0 0 37 0 6 255 255 255 122 9 116 134 25 0 0 198 4 0 ");
SendDirectPlayMessage("10 0 0 0 38 0 30 255 255 255 122 9 116 134 25 0 0 198 4 0 ");
SendDirectPlayMessage("10 0 0 0 39 0 6 255 255 255 122 9 116 134 25 0 0 198 4 0 ");
SendDirectPlayMessage("10 0 0 0 40 0 30 255 255 255 122 9 116 134 25 0 0 198 4 0 ");
SendDirectPlayMessage("10 0 0 0 41 0 30 255 255 255 122 9 116 134 25 0 0 198 4 0 ");
SendDirectPlayMessage("10 0 0 0 42 0 6 255 255 255 122 9 116 134 25 0 0 198 4 0 ");
SendDirectPlayMessage("10 0 0 0 43 0 5 255 255 255 122 9 116 134 25 0 0 198 70 0 ");
SendDirectPlayMessage("10 0 0 0 44 0 6 255 255 255 122 9 116 134 25 0 0 198 4 0 ");
SendDirectPlayMessage("10 0 0 0 45 0 104 255 255 255 122 9 116 134 25 0 4 198 0 0 ");
SendDirectPlayMessage("10 0 0 0 46 0 6 255 255 255 122 9 116 134 25 0 0 198 4 0 ");
SendDirectPlayMessage("10 0 0 0 47 0 30 255 255 255 122 9 116 134 25 0 0 198 4 0 ");
SendDirectPlayMessage("10 0 0 0 48 0 30 255 255 255 122 9 116 134 25 0 0 198 4 0 ");
SendDirectPlayMessage("10 0 0 0 49 0 30 255 255 255 122 9 116 134 25 0 0 198 4 0 ");
SendDirectPlayMessage("10 0 0 0 50 0 30 255 255 255 122 9 116 134 25 0 0 198 4 0 ");
SendDirectPlayMessage("10 0 0 0 51 0 6 255 255 255 122 9 116 134 25 0 0 198 4 0 ");
SendDirectPlayMessage("10 0 0 0 52 0 6 255 255 255 122 9 116 134 25 0 0 198 4 0 ");
SendDirectPlayMessage("10 0 0 0 53 0 6 255 255 255 122 9 116 134 25 0 0 198 4 0 ");
SendDirectPlayMessage("10 0 0 0 54 0 5 255 255 255 122 9 116 134 25 0 0 198 70 0 ");
SendDirectPlayMessage("10 0 0 0 55 0 6 255 255 255 122 9 116 134 25 0 0 198 4 0 ");
SendDirectPlayMessage("10 0 0 0 56 0 104 255 255 255 122 9 116 134 25 0 4 198 0 0 ");
SendDirectPlayMessage("10 0 0 0 57 0 30 255 255 255 122 9 116 134 25 0 0 198 4 0 ");
SendDirectPlayMessage("10 0 0 0 58 0 6 255 255 255 122 9 116 134 25 0 0 198 4 0 ");
SendDirectPlayMessage("10 0 0 0 59 0 30 255 255 255 122 9 116 134 25 0 0 198 4 0 ");
SendDirectPlayMessage("10 0 0 0 60 0 6 255 255 255 122 9 116 134 25 0 0 198 4 0 ");
SendDirectPlayMessage("10 0 0 0 61 0 6 255 255 255 122 9 116 134 25 0 0 198 4 0 ");
SendDirectPlayMessage("10 0 0 0 62 0 30 255 255 255 122 9 116 134 25 0 0 198 4 0 ");
SendDirectPlayMessage("10 0 0 0 63 0 30 255 255 255 122 9 116 134 25 0 0 198 4 0 ");
SendDirectPlayMessage("10 0 0 0 64 0 6 255 255 255 122 9 116 134 25 0 0 198 4 0 ");
SendDirectPlayMessage("10 0 0 0 65 0 6 255 255 255 122 9 116 134 25 0 0 198 4 0 ");
SendDirectPlayMessage("10 0 0 0 66 0 51 255 255 255 122 9 116 134 25 0 0 198 7 0 ");
SendDirectPlayMessage("10 0 0 0 67 0 10 255 255 255 122 9 116 134 25 0 0 198 249 0 ");
SendDirectPlayMessage("10 0 0 0 68 0 51 255 255 255 122 9 116 134 25 0 0 198 7 0 ");
SendDirectPlayMessage("10 0 0 0 69 0 6 255 255 255 122 9 116 134 25 0 0 198 4 0 ");
SendDirectPlayMessage("10 0 0 0 70 0 6 255 255 255 122 9 116 134 25 0 0 198 4 0 ");
SendDirectPlayMessage("10 0 0 0 71 0 6 255 255 255 122 9 116 134 25 0 0 198 4 0 ");
SendDirectPlayMessage("10 0 0 0 72 0 6 255 255 255 122 9 116 134 25 0 0 198 4 0 ");
SendDirectPlayMessage("10 0 0 0 73 0 19 255 255 255 122 9 116 134 25 0 1 198 6 0 ");
SendDirectPlayMessage("10 0 0 0 74 0 30 255 255 255 122 9 116 134 25 0 0 198 4 0 ");
SendDirectPlayMessage("10 0 0 0 75 0 6 255 255 255 122 9 116 134 25 0 0 198 4 0 ");
SendDirectPlayMessage("10 0 0 0 76 0 6 255 255 255 122 9 116 134 25 0 0 198 4 0 ");
SendDirectPlayMessage("10 0 0 0 77 0 5 255 255 255 122 9 116 134 25 0 0 198 70 0 ");
SendDirectPlayMessage("10 0 0 0 78 0 48 0 0 0 122 9 116 134 25 0 0 198 0 0 ");
SendDirectPlayMessage("10 0 0 0 79 0 7 255 255 255 122 9 116 134 25 0 0 198 31 0 ");
SendDirectPlayMessage("10 0 0 0 80 0 3 255 255 255 122 9 116 134 25 0 0 198 4 0 ");
SendDirectPlayMessage("10 0 0 0 81 0 3 255 255 255 122 9 116 134 25 0 0 198 4 0 ");
SendDirectPlayMessage("10 0 0 0 82 0 7 255 255 255 122 9 116 134 25 0 0 198 31 0 ");
SendDirectPlayMessage("10 0 0 0 83 0 43 255 255 255 122 9 116 134 25 0 0 198 7 0 ");
SendDirectPlayMessage("10 0 0 0 84 0 84 255 255 255 122 9 116 134 25 0 0 198 249 0 ");
SendDirectPlayMessage("10 0 0 0 85 0 43 255 255 255 122 9 116 134 25 0 0 198 7 0 ");
SendDirectPlayMessage("10 0 0 0 86 0 43 255 255 255 122 9 116 134 25 0 0 198 7 0 ");
SendDirectPlayMessage("10 0 0 0 87 0 3 255 255 255 122 9 116 134 25 0 0 198 4 0 ");
SendDirectPlayMessage("10 0 0 0 88 0 7 255 255 255 122 9 116 134 25 0 0 198 31 0 ");
SendDirectPlayMessage("10 0 0 0 89 0 43 255 255 255 122 9 116 134 25 0 0 198 7 0 ");
SendDirectPlayMessage("10 0 0 0 90 0 29 255 255 255 122 9 116 134 25 0 0 198 249 0 ");
SendDirectPlayMessage("10 0 0 0 91 0 43 255 255 255 122 9 116 134 25 0 0 198 7 0 ");
SendDirectPlayMessage("10 0 0 0 92 0 43 255 255 255 122 9 116 134 25 0 0 198 7 0 ");
SendDirectPlayMessage("10 0 0 0 93 0 7 255 255 255 122 9 116 134 25 0 0 198 31 0 ");
SendDirectPlayMessage("10 0 0 0 94 0 43 255 255 255 122 9 116 134 25 0 0 198 7 0 ");
SendDirectPlayMessage("10 0 0 0 95 0 43 255 255 255 122 9 116 134 25 0 0 198 7 0 ");
SendDirectPlayMessage("10 0 0 0 96 0 29 255 255 255 122 9 116 134 25 0 0 198 249 0 ");
SendDirectPlayMessage("10 0 0 0 97 0 43 255 255 255 122 9 116 134 25 0 0 198 7 0 ");
SendDirectPlayMessage("10 0 0 0 98 0 7 255 255 255 122 9 116 134 25 0 0 198 31 0 ");
SendDirectPlayMessage("10 0 0 0 99 0 43 255 255 255 122 9 116 134 25 0 0 198 7 0 ");
SendDirectPlayMessage("10 0 0 0 100 0 3 255 255 255 122 9 116 134 25 0 0 198 4 0 ");
SendDirectPlayMessage("10 0 0 0 101 0 3 255 255 255 122 9 116 134 25 0 0 198 4 0 ");
SendDirectPlayMessage("10 0 0 0 102 0 77 255 255 255 122 9 116 134 25 0 0 198 29 0 ");
SendDirectPlayMessage("10 0 0 0 103 0 43 255 255 255 122 9 116 134 25 0 0 198 7 0 ");
SendDirectPlayMessage("10 0 0 0 104 0 3 255 255 255 122 9 116 134 25 0 0 198 4 0 ");
SendDirectPlayMessage("10 0 0 0 105 0 104 255 255 255 122 9 116 134 25 0 4 198 0 0 ");
SendDirectPlayMessage("10 0 0 0 106 0 3 255 255 255 122 9 116 134 25 0 0 198 4 0 ");
SendDirectPlayMessage("10 0 0 0 107 0 64 255 255 255 122 9 116 134 25 0 1 198 0 0 ");
SendDirectPlayMessage("10 0 0 0 108 0 3 255 255 255 122 9 116 134 25 0 0 198 4 0 ");
SendDirectPlayMessage("10 0 0 0 109 0 103 255 255 255 122 9 116 134 25 0 1 198 0 0 ");
SendDirectPlayMessage("10 0 0 0 110 0 7 255 255 255 122 9 116 134 25 0 0 198 31 0 ");
SendDirectPlayMessage("10 0 0 0 111 0 43 255 255 255 122 9 116 134 25 0 0 198 7 0 ");
SendDirectPlayMessage("10 0 0 0 112 0 3 255 255 255 122 9 116 134 25 0 0 198 4 0 ");
SendDirectPlayMessage("10 0 0 0 113 0 3 255 255 255 122 9 116 134 25 0 0 198 4 0 ");
SendDirectPlayMessage("10 0 0 0 114 0 3 255 255 255 122 9 116 134 25 0 0 198 4 0 ");
SendDirectPlayMessage("10 0 0 0 115 0 104 255 255 255 122 9 116 134 25 0 4 198 0 0 ");
SendDirectPlayMessage("10 0 0 0 116 0 3 255 255 255 122 9 116 134 25 0 0 198 4 0 ");
SendDirectPlayMessage("10 0 0 0 117 0 64 255 255 255 122 9 116 134 25 0 1 198 0 0 ");
SendDirectPlayMessage("10 0 0 0 118 0 77 255 255 255 122 9 116 134 25 0 0 198 29 0 ");
SendDirectPlayMessage("10 0 0 0 119 0 43 255 255 255 122 9 116 134 25 0 0 198 7 0 ");
SendDirectPlayMessage("10 0 0 0 120 0 3 255 255 255 122 9 116 134 25 0 0 198 4 0 ");
SendDirectPlayMessage("10 0 0 0 121 0 103 255 255 255 122 9 116 134 25 0 1 198 0 0 ");
SendDirectPlayMessage("10 0 0 0 122 0 7 255 255 255 122 9 116 134 25 0 0 198 31 0 ");
SendDirectPlayMessage("10 0 0 0 123 0 43 255 255 255 122 9 116 134 25 0 0 198 7 0 ");
SendDirectPlayMessage("10 0 0 0 124 0 3 255 255 255 122 9 116 134 25 0 0 198 4 0 ");
SendDirectPlayMessage("10 0 0 0 125 0 3 255 255 255 122 9 116 134 25 0 0 198 4 0 ");
SendDirectPlayMessage("10 0 0 0 126 0 77 255 255 255 122 9 116 134 25 0 0 198 29 0 ");
SendDirectPlayMessage("10 0 0 0 127 0 43 255 255 255 122 9 116 134 25 0 0 198 7 0 ");
SendDirectPlayMessage("10 0 0 0 128 0 3 255 255 255 122 9 116 134 25 0 0 198 4 0 ");
SendDirectPlayMessage("10 0 0 0 129 0 103 255 255 255 122 9 116 134 25 0 1 198 0 0 ");
SendDirectPlayMessage("10 0 0 0 130 0 3 255 255 255 122 9 116 134 25 0 0 198 4 0 ");
SendDirectPlayMessage("10 0 0 0 131 0 104 255 255 255 122 9 116 134 25 0 4 198 0 0 ");
SendDirectPlayMessage("10 0 0 0 132 0 3 255 255 255 122 9 116 134 25 0 0 198 4 0 ");
SendDirectPlayMessage("10 0 0 0 133 0 64 255 255 255 122 9 116 134 25 0 1 198 0 0 ");
SendDirectPlayMessage("10 0 0 0 134 0 7 255 255 255 122 9 116 134 25 0 0 198 31 0 ");
SendDirectPlayMessage("10 0 0 0 135 0 43 255 255 255 122 9 116 134 25 0 0 198 7 0 ");
SendDirectPlayMessage("10 0 0 0 136 0 43 255 255 255 122 9 116 134 25 0 0 198 7 0 ");
SendDirectPlayMessage("10 0 0 0 137 0 43 255 255 255 122 9 116 134 25 0 0 198 7 0 ");
SendDirectPlayMessage("10 0 0 0 138 0 43 255 255 255 122 9 116 134 25 0 0 198 7 0 ");
SendDirectPlayMessage("10 0 0 0 139 0 7 255 255 255 122 9 116 134 25 0 0 198 31 0 ");
SendDirectPlayMessage("10 0 0 0 140 0 43 255 255 255 122 9 116 134 25 0 0 198 7 0 ");
SendDirectPlayMessage("10 0 0 0 141 0 20 255 255 255 122 9 116 134 25 0 1 198 6 0 ");
SendDirectPlayMessage("10 0 0 0 142 0 3 255 255 255 122 9 116 134 25 0 0 198 4 0 ");
SendDirectPlayMessage("10 0 0 0 143 0 3 255 255 255 122 9 116 134 25 0 0 198 4 0 ");
SendDirectPlayMessage("10 0 0 0 144 0 3 255 255 255 122 9 116 134 25 0 0 198 4 0 ");
SendDirectPlayMessage("10 0 0 0 145 0 255 0 255 255 122 9 112 134 25 0 255 198 0 0 ");
SendDirectPlayMessage("10 0 0 0 146 0 255 0 255 255 122 9 112 134 25 0 255 198 0 0 ");
SendDirectPlayMessage("10 0 0 0 147 0 255 0 255 255 122 9 112 134 25 0 255 198 0 0 ");
SendDirectPlayMessage("10 0 0 0 148 0 255 0 255 255 122 9 112 134 25 0 255 198 0 0 ");
SendDirectPlayMessage("10 0 0 0 149 0 255 0 255 255 122 9 112 134 25 0 255 198 0 0 ");
SendDirectPlayMessage("10 0 0 0 150 0 255 0 255 255 122 9 112 134 25 0 255 198 0 0 ");
SendDirectPlayMessage("10 0 0 0 151 0 255 0 255 255 122 9 112 134 25 0 255 198 0 0 ");
SendDirectPlayMessage("10 0 0 0 152 0 255 0 255 255 122 9 112 134 25 0 255 198 0 0 ");
SendDirectPlayMessage("10 0 0 0 153 0 255 0 255 255 122 9 112 134 25 0 255 198 0 0 ");
SendDirectPlayMessage("10 0 0 0 154 0 255 0 255 255 122 9 112 134 25 0 255 198 0 0 ");
SendDirectPlayMessage("10 0 0 0 155 0 255 0 255 255 122 9 112 134 25 0 255 198 0 0 ");
SendDirectPlayMessage("10 0 0 0 156 0 255 0 255 255 122 9 112 134 25 0 255 198 0 0 ");
SendDirectPlayMessage("10 0 0 0 157 0 255 0 255 255 122 9 112 134 25 0 255 198 0 0 ");
SendDirectPlayMessage("10 0 0 0 158 0 255 0 255 255 122 9 112 134 25 0 255 198 0 0 ");
SendDirectPlayMessage("10 0 0 0 159 0 255 0 255 255 122 9 112 134 25 0 255 198 0 0 ");
SendDirectPlayMessage("10 0 0 0 160 0 255 0 255 255 122 9 112 134 25 0 255 198 0 0 ");
SendDirectPlayMessage("10 0 0 0 161 0 255 0 255 255 122 9 112 134 25 0 255 198 0 0 ");
SendDirectPlayMessage("10 0 0 0 162 0 255 0 255 255 122 9 112 134 25 0 255 198 0 0 ");
SendDirectPlayMessage("10 0 0 0 163 0 255 0 255 255 122 9 112 134 25 0 255 198 0 0 ");
SendDirectPlayMessage("10 0 0 0 164 0 255 0 255 255 122 9 112 134 25 0 255 198 0 0 ");
SendDirectPlayMessage("10 0 0 0 165 0 255 0 255 255 122 9 112 134 25 0 255 198 0 0 ");
SendDirectPlayMessage("10 0 0 0 166 0 255 0 255 255 122 9 112 134 25 0 255 198 0 0 ");
SendDirectPlayMessage("10 0 0 0 167 0 255 0 255 255 122 9 112 134 25 0 255 198 0 0 ");
SendDirectPlayMessage("10 0 0 0 168 0 255 0 255 255 122 9 112 134 25 0 255 198 0 0 ");
SendDirectPlayMessage("10 0 0 0 169 0 255 0 255 255 122 9 112 134 25 0 255 198 0 0 ");
SendDirectPlayMessage("10 0 0 0 170 0 255 0 255 255 122 9 112 134 25 0 255 198 0 0 ");
SendDirectPlayMessage("10 0 0 0 171 0 255 0 255 255 122 9 112 134 25 0 255 198 0 0 ");
SendDirectPlayMessage("10 0 0 0 172 0 255 0 255 255 122 9 112 134 25 0 255 198 0 0 ");
SendDirectPlayMessage("10 0 0 0 173 0 255 0 255 255 122 9 112 134 25 0 255 198 0 0 ");
SendDirectPlayMessage("10 0 0 0 174 0 255 0 255 255 122 9 112 134 25 0 255 198 0 0 ");
SendDirectPlayMessage("10 0 0 0 175 0 255 0 255 255 122 9 112 134 25 0 255 198 0 0 ");
SendDirectPlayMessage("10 0 0 0 176 0 255 0 255 255 122 9 112 134 25 0 255 198 0 0 ");
SendDirectPlayMessage("10 0 0 0 177 0 255 0 255 255 122 9 112 134 25 0 255 198 0 0 ");
SendDirectPlayMessage("10 0 0 0 178 0 255 0 255 255 122 9 112 134 25 0 255 198 0 0 ");
SendDirectPlayMessage("10 0 0 0 179 0 255 0 255 255 122 9 112 134 25 0 255 198 0 0 ");
SendDirectPlayMessage("10 0 0 0 180 0 255 0 255 255 122 9 112 134 25 0 255 198 0 0 ");
SendDirectPlayMessage("10 0 0 0 181 0 255 0 255 255 122 9 112 134 25 0 255 198 0 0 ");
SendDirectPlayMessage("10 0 0 0 182 0 255 0 255 255 122 9 112 134 25 0 255 198 0 0 ");
SendDirectPlayMessage("10 0 0 0 183 0 255 0 255 255 122 9 112 134 25 0 255 198 0 0 ");
SendDirectPlayMessage("10 0 0 0 184 0 255 0 255 255 122 9 112 134 25 0 255 198 0 0 ");
SendDirectPlayMessage("10 0 0 0 185 0 255 0 255 255 122 9 112 134 25 0 255 198 0 0 ");
SendDirectPlayMessage("10 0 0 0 186 0 255 0 255 255 122 9 112 134 25 0 255 198 0 0 ");
SendDirectPlayMessage("10 0 0 0 187 0 255 0 255 255 122 9 112 134 25 0 255 198 0 0 ");
SendDirectPlayMessage("10 0 0 0 188 0 255 0 255 255 122 9 112 134 25 0 255 198 0 0 ");
SendDirectPlayMessage("10 0 0 0 189 0 255 0 255 255 122 9 112 134 25 0 255 198 0 0 ");
SendDirectPlayMessage("10 0 0 0 190 0 255 0 255 255 122 9 112 134 25 0 255 198 0 0 ");
SendDirectPlayMessage("10 0 0 0 191 0 255 0 255 255 122 9 112 134 25 0 255 198 0 0 ");
SendDirectPlayMessage("10 0 0 0 192 0 255 0 255 255 122 9 112 134 25 0 255 198 0 0 ");
SendDirectPlayMessage("10 0 0 0 193 0 255 0 255 255 122 9 112 134 25 0 255 198 0 0 ");
SendDirectPlayMessage("10 0 0 0 194 0 255 0 255 255 122 9 112 134 25 0 255 198 0 0 ");
SendDirectPlayMessage("10 0 0 0 195 0 255 0 255 255 122 9 112 134 25 0 255 198 0 0 ");
SendDirectPlayMessage("10 0 0 0 196 0 255 0 255 255 122 9 112 134 25 0 255 198 0 0 ");
SendDirectPlayMessage("10 0 0 0 197 0 255 0 255 255 122 9 112 134 25 0 255 198 0 0 ");
SendDirectPlayMessage("10 0 0 0 198 0 255 0 255 255 122 9 112 134 25 0 255 198 0 0 ");
SendDirectPlayMessage("10 0 0 0 199 0 255 0 255 255 122 9 112 134 25 0 255 198 0 0 ");
SendDirectPlayMessage("10 0 0 0 200 0 255 0 255 255 122 9 112 134 25 0 255 198 0 0 ");
SendDirectPlayMessage("10 0 0 0 201 0 255 0 255 255 122 9 112 134 25 0 255 198 0 0 ");
SendDirectPlayMessage("10 0 0 0 202 0 255 0 255 255 122 9 112 134 25 0 255 198 0 0 ");
SendDirectPlayMessage("10 0 0 0 203 0 255 0 255 255 122 9 112 134 25 0 255 198 0 0 ");
SendDirectPlayMessage("10 0 0 0 204 0 255 0 255 255 122 9 112 134 25 0 255 198 0 0 ");
SendDirectPlayMessage("10 0 0 0 205 0 255 0 255 255 122 9 112 134 25 0 255 198 0 0 ");
SendDirectPlayMessage("10 0 0 0 206 0 255 0 255 255 122 9 112 134 25 0 255 198 0 0 ");
SendDirectPlayMessage("10 0 0 0 207 0 255 0 255 255 122 9 112 134 25 0 255 198 0 0 ");
SendDirectPlayMessage("10 0 0 0 208 0 255 0 255 255 122 9 112 134 25 0 255 198 0 0 ");
SendDirectPlayMessage("10 0 0 0 209 0 255 0 255 255 122 9 112 134 25 0 255 198 0 0 ");
SendDirectPlayMessage("10 0 0 0 210 0 255 0 255 255 122 9 112 134 25 0 255 198 0 0 ");
SendDirectPlayMessage("10 0 0 0 211 0 255 0 255 255 122 9 112 134 25 0 255 198 0 0 ");
SendDirectPlayMessage("10 0 0 0 212 0 255 0 255 255 122 9 112 134 25 0 255 198 0 0 ");
SendDirectPlayMessage("10 0 0 0 213 0 255 0 255 255 122 9 112 134 25 0 255 198 0 0 ");
SendDirectPlayMessage("10 0 0 0 214 0 255 0 255 255 122 9 112 134 25 0 255 198 0 0 ");
SendDirectPlayMessage("10 0 0 0 215 0 255 0 255 255 122 9 112 134 25 0 255 198 0 0 ");
SendDirectPlayMessage("10 0 0 0 216 0 255 0 255 255 122 9 112 134 25 0 255 198 0 0 ");
SendDirectPlayMessage("10 0 0 0 217 0 255 0 255 255 122 9 112 134 25 0 255 198 0 0 ");
SendDirectPlayMessage("10 0 0 0 218 0 255 0 255 255 122 9 112 134 25 0 255 198 0 0 ");
SendDirectPlayMessage("10 0 0 0 219 0 255 0 255 255 122 9 112 134 25 0 255 198 0 0 ");
SendDirectPlayMessage("10 0 0 0 220 0 255 0 255 255 122 9 112 134 25 0 255 198 0 0 ");
SendDirectPlayMessage("10 0 0 0 221 0 255 0 255 255 122 9 112 134 25 0 255 198 0 0 ");
SendDirectPlayMessage("10 0 0 0 222 0 255 0 255 255 122 9 112 134 25 0 255 198 0 0 ");
SendDirectPlayMessage("10 0 0 0 223 0 255 0 255 255 122 9 112 134 25 0 255 198 0 0 ");
SendDirectPlayMessage("10 0 0 0 224 0 255 0 255 255 122 9 112 134 25 0 255 198 0 0 ");
SendDirectPlayMessage("10 0 0 0 225 0 255 0 255 255 122 9 112 134 25 0 255 198 0 0 ");
SendDirectPlayMessage("10 0 0 0 226 0 255 0 255 255 122 9 112 134 25 0 255 198 0 0 ");
SendDirectPlayMessage("10 0 0 0 227 0 255 0 255 255 122 9 112 134 25 0 255 198 0 0 ");
SendDirectPlayMessage("10 0 0 0 228 0 255 0 255 255 122 9 112 134 25 0 255 198 0 0 ");
SendDirectPlayMessage("10 0 0 0 229 0 255 0 255 255 122 9 112 134 25 0 255 198 0 0 ");
SendDirectPlayMessage("10 0 0 0 230 0 255 0 255 255 122 9 112 134 25 0 255 198 0 0 ");
SendDirectPlayMessage("10 0 0 0 231 0 255 0 255 255 122 9 112 134 25 0 255 198 0 0 ");
SendDirectPlayMessage("10 0 0 0 232 0 255 0 255 255 122 9 112 134 25 0 255 198 0 0 ");
SendDirectPlayMessage("10 0 0 0 233 0 255 0 255 255 122 9 112 134 25 0 255 198 0 0 ");
SendDirectPlayMessage("10 0 0 0 234 0 255 0 255 255 122 9 112 134 25 0 255 198 0 0 ");
SendDirectPlayMessage("10 0 0 0 235 0 255 0 255 255 122 9 112 134 25 0 255 198 0 0 ");
SendDirectPlayMessage("10 0 0 0 236 0 255 0 255 255 122 9 112 134 25 0 255 198 0 0 ");
SendDirectPlayMessage("10 0 0 0 237 0 255 0 255 255 122 9 112 134 25 0 255 198 0 0 ");
SendDirectPlayMessage("10 0 0 0 238 0 255 0 255 255 122 9 112 134 25 0 255 198 0 0 ");
SendDirectPlayMessage("10 0 0 0 239 0 255 0 255 255 122 9 112 134 25 0 255 198 0 0 ");
SendDirectPlayMessage("10 0 0 0 240 0 255 0 255 255 122 9 112 134 25 0 255 198 0 0 ");
SendDirectPlayMessage("10 0 0 0 241 0 255 0 255 255 122 9 112 134 25 0 255 198 0 0 ");
SendDirectPlayMessage("10 0 0 0 242 0 255 0 255 255 122 9 112 134 25 0 255 198 0 0 ");
SendDirectPlayMessage("10 0 0 0 243 0 255 0 255 255 122 9 112 134 25 0 255 198 0 0 ");
SendDirectPlayMessage("10 0 0 0 244 0 255 0 255 255 122 9 112 134 25 0 255 198 0 0 ");
SendDirectPlayMessage("10 0 0 0 245 0 255 0 255 255 122 9 112 134 25 0 255 198 0 0 ");
SendDirectPlayMessage("10 0 0 0 246 0 255 0 255 255 122 9 112 134 25 0 255 198 0 0 ");
SendDirectPlayMessage("10 0 0 0 247 0 255 0 255 255 122 9 112 134 25 0 255 198 0 0 ");
SendDirectPlayMessage("10 0 0 0 248 0 255 0 255 255 122 9 112 134 25 0 255 198 0 0 ");
SendDirectPlayMessage("10 0 0 0 249 0 255 0 255 255 122 9 112 134 25 0 255 198 0 0 ");
SendDirectPlayMessage("10 0 0 0 250 0 255 0 255 255 122 9 112 134 25 0 255 198 0 0 ");
SendDirectPlayMessage("10 0 0 0 251 0 255 0 255 255 122 9 112 134 25 0 255 198 0 0 ");
SendDirectPlayMessage("10 0 0 0 252 0 255 0 255 255 122 9 112 134 25 0 255 198 0 0 ");
SendDirectPlayMessage("10 0 0 0 253 0 255 0 255 255 122 9 112 134 25 0 255 198 0 0 ");
SendDirectPlayMessage("10 0 0 0 254 0 255 0 255 255 122 9 112 134 25 0 255 198 0 0 ");
SendDirectPlayMessage("10 0 0 0 255 0 255 0 255 255 122 9 112 134 25 0 255 198 0 0 ");
SendDirectPlayMessage("10 0 0 0 0 1 255 0 255 255 122 9 112 134 25 0 255 198 0 0 ");
SendDirectPlayMessage("10 0 0 0 1 1 255 0 255 255 122 9 112 134 25 0 255 198 0 0 ");
SendDirectPlayMessage("10 0 0 0 2 1 255 0 255 255 122 9 112 134 25 0 255 198 0 0 ");
SendDirectPlayMessage("10 0 0 0 3 1 255 0 255 255 122 9 112 134 25 0 255 198 0 0 ");
SendDirectPlayMessage("10 0 0 0 4 1 255 0 255 255 122 9 112 134 25 0 255 198 0 0 ");
SendDirectPlayMessage("10 0 0 0 5 1 255 0 255 255 122 9 112 134 25 0 255 198 0 0 ");
SendDirectPlayMessage("10 0 0 0 6 1 255 0 255 255 122 9 112 134 25 0 255 198 0 0 ");
SendDirectPlayMessage("10 0 0 0 7 1 255 0 255 255 122 9 112 134 25 0 255 198 0 0 ");
SendDirectPlayMessage("10 0 0 0 8 1 255 0 255 255 122 9 112 134 25 0 255 198 0 0 ");
SendDirectPlayMessage("10 0 0 0 9 1 255 0 255 255 122 9 112 134 25 0 255 198 0 0 ");
SendDirectPlayMessage("10 0 0 0 10 1 255 0 255 255 122 9 112 134 25 0 255 198 0 0 ");
SendDirectPlayMessage("10 0 0 0 11 1 255 0 255 255 122 9 112 134 25 0 255 198 0 0 ");
SendDirectPlayMessage("10 0 0 0 12 1 255 0 255 255 122 9 112 134 25 0 255 198 0 0 ");
SendDirectPlayMessage("10 0 0 0 13 1 255 0 255 255 122 9 112 134 25 0 255 198 0 0 ");
SendDirectPlayMessage("10 0 0 0 14 1 255 0 255 255 122 9 112 134 25 0 255 198 0 0 ");
SendDirectPlayMessage("10 0 0 0 15 1 255 0 255 255 122 9 112 134 25 0 255 198 0 0 ");
SendDirectPlayMessage("10 0 0 0 16 1 255 0 255 255 122 9 112 134 25 0 255 198 0 0 ");
SendDirectPlayMessage("10 0 0 0 17 1 255 0 255 255 122 9 112 134 25 0 255 198 0 0 ");
SendDirectPlayMessage("10 0 0 0 18 1 255 0 255 255 122 9 112 134 25 0 255 198 0 0 ");
SendDirectPlayMessage("10 0 0 0 19 1 255 0 255 255 122 9 112 134 25 0 255 198 0 0 ");
SendDirectPlayMessage("10 0 0 0 20 1 255 0 255 255 122 9 112 134 25 0 255 198 0 0 ");
SendDirectPlayMessage("10 0 0 0 21 1 255 0 255 255 122 9 112 134 25 0 255 198 0 0 ");
SendDirectPlayMessage("10 0 0 0 22 1 255 0 255 255 122 9 112 134 25 0 255 198 0 0 ");
SendDirectPlayMessage("10 0 0 0 23 1 255 0 255 255 122 9 112 134 25 0 255 198 0 0 ");
SendDirectPlayMessage("10 0 0 0 24 1 255 0 255 255 122 9 112 134 25 0 255 198 0 0 ");
SendDirectPlayMessage("10 0 0 0 25 1 255 0 255 255 122 9 112 134 25 0 255 198 0 0 ");
SendDirectPlayMessage("10 0 0 0 26 1 255 0 255 255 122 9 112 134 25 0 255 198 0 0 ");
SendDirectPlayMessage("10 0 0 0 27 1 255 0 255 255 122 9 112 134 25 0 255 198 0 0 ");
SendDirectPlayMessage("10 0 0 0 28 1 255 0 255 255 122 9 112 134 25 0 255 198 0 0 ");
SendDirectPlayMessage("10 0 0 0 29 1 255 0 255 255 122 9 112 134 25 0 255 198 0 0 ");
SendDirectPlayMessage("10 0 0 0 30 1 255 0 255 255 122 9 112 134 25 0 255 198 0 0 ");
SendDirectPlayMessage("10 0 0 0 31 1 255 0 255 255 122 9 112 134 25 0 255 198 0 0 ");
SendDirectPlayMessage("10 0 0 0 32 1 255 0 255 255 122 9 112 134 25 0 255 198 0 0 ");
SendDirectPlayMessage("10 0 0 0 33 1 255 0 255 255 122 9 112 134 25 0 255 198 0 0 ");
SendDirectPlayMessage("10 0 0 0 34 1 255 0 255 255 122 9 112 134 25 0 255 198 0 0 ");
SendDirectPlayMessage("10 0 0 0 35 1 255 0 255 255 122 9 112 134 25 0 255 198 0 0 ");
SendDirectPlayMessage("10 0 0 0 36 1 255 0 255 255 122 9 112 134 25 0 255 198 0 0 ");
SendDirectPlayMessage("10 0 0 0 37 1 255 0 255 255 122 9 112 134 25 0 255 198 0 0 ");
SendDirectPlayMessage("10 0 0 0 38 1 255 0 255 255 122 9 112 134 25 0 255 198 0 0 ");
SendDirectPlayMessage("10 0 0 0 39 1 255 0 255 255 122 9 112 134 25 0 255 198 0 0 ");
SendDirectPlayMessage("10 0 0 0 40 1 255 0 255 255 122 9 112 134 25 0 255 198 0 0 ");
SendDirectPlayMessage("10 0 0 0 41 1 255 0 255 255 122 9 112 134 25 0 255 198 0 0 ");
SendDirectPlayMessage("10 0 0 0 42 1 255 0 255 255 122 9 112 134 25 0 255 198 0 0 ");
SendDirectPlayMessage("10 0 0 0 43 1 255 0 255 255 122 9 112 134 25 0 255 198 0 0 ");
SendDirectPlayMessage("10 0 0 0 44 1 255 0 255 255 122 9 112 134 25 0 255 198 0 0 ");
SendDirectPlayMessage("10 0 0 0 45 1 255 0 255 255 122 9 112 134 25 0 255 198 0 0 ");
SendDirectPlayMessage("10 0 0 0 46 1 255 0 255 255 122 9 112 134 25 0 255 198 0 0 ");
SendDirectPlayMessage("10 0 0 0 47 1 255 0 255 255 122 9 112 134 25 0 255 198 0 0 ");
SendDirectPlayMessage("10 0 0 0 48 1 255 0 255 255 122 9 112 134 25 0 255 198 0 0 ");
SendDirectPlayMessage("10 0 0 0 49 1 255 0 255 255 122 9 112 134 25 0 255 198 0 0 ");
SendDirectPlayMessage("10 0 0 0 50 1 255 0 255 255 122 9 112 134 25 0 255 198 0 0 ");
SendDirectPlayMessage("10 0 0 0 51 1 255 0 255 255 122 9 112 134 25 0 255 198 0 0 ");
SendDirectPlayMessage("10 0 0 0 52 1 255 0 255 255 122 9 112 134 25 0 255 198 0 0 ");
SendDirectPlayMessage("10 0 0 0 53 1 255 0 255 255 122 9 112 134 25 0 255 198 0 0 ");
SendDirectPlayMessage("10 0 0 0 54 1 255 0 255 255 122 9 112 134 25 0 255 198 0 0 ");
SendDirectPlayMessage("10 0 0 0 55 1 255 0 255 255 122 9 112 134 25 0 255 198 0 0 ");
SendDirectPlayMessage("10 0 0 0 56 1 255 0 255 255 122 9 112 134 25 0 255 198 0 0 ");
SendDirectPlayMessage("10 0 0 0 57 1 255 0 255 255 122 9 112 134 25 0 255 198 0 0 ");
SendDirectPlayMessage("10 0 0 0 58 1 255 0 255 255 122 9 112 134 25 0 255 198 0 0 ");
SendDirectPlayMessage("10 0 0 0 59 1 255 0 255 255 122 9 112 134 25 0 255 198 0 0 ");
SendDirectPlayMessage("10 0 0 0 60 1 255 0 255 255 122 9 112 134 25 0 255 198 0 0 ");
SendDirectPlayMessage("10 0 0 0 61 1 255 0 255 255 122 9 112 134 25 0 255 198 0 0 ");
SendDirectPlayMessage("10 0 0 0 62 1 255 0 255 255 122 9 112 134 25 0 255 198 0 0 ");
SendDirectPlayMessage("10 0 0 0 63 1 255 0 255 255 122 9 112 134 25 0 255 198 0 0 ");
SendDirectPlayMessage("10 0 0 0 64 1 255 0 255 255 122 9 112 134 25 0 255 198 0 0 ");
SendDirectPlayMessage("10 0 0 0 65 1 255 0 255 255 122 9 112 134 25 0 255 198 0 0 ");
SendDirectPlayMessage("10 0 0 0 66 1 255 0 255 255 122 9 112 134 25 0 255 198 0 0 ");
SendDirectPlayMessage("10 0 0 0 67 1 255 0 255 255 122 9 112 134 25 0 255 198 0 0 ");
SendDirectPlayMessage("10 0 0 0 68 1 255 0 255 255 122 9 112 134 25 0 255 198 0 0 ");
SendDirectPlayMessage("10 0 0 0 69 1 255 0 255 255 122 9 112 134 25 0 255 198 0 0 ");
SendDirectPlayMessage("10 0 0 0 70 1 255 0 255 255 122 9 112 134 25 0 255 198 0 0 ");
SendDirectPlayMessage("16 0 0 0 1 134 25 0 0 0 1 5 0 0 1 24 ");
SendDirectPlayMessage("4 0 0 0 ");
SendDirectPlayMessage("61 0 0 0 0 0 0 0 ");
SendDirectPlayMessage("49 0 0 0 10 0 25 0 ");
SendDirectPlayMessage("24 0 0 0 254 205 96 2 ");
SendDirectPlayMessage("37 0 0 0 ");
SendDirectPlayMessage("24 0 0 0 0 205 96 2 ");
SendDirectPlayMessage("5 0 0 0 1 0 0 0 ");
SendDirectPlayMessage("60 0 0 0 58 2 0 0 16 0 0 0 1 206 146 0 0 0 1 5 0 0 1 24 58 0 0 0 53 0 0 0 0 0 0 197 140 1 0 0 19 0 0 0 1 70 0 0 0 8 0 0 0 73 0 0 0 1 0 255 47 2 0 0 0 0 0 58 0 0 0 56 0 0 0 0 0 0 193 140 1 0 0 15 0 0 0 1 8 0 0 0 62 0 0 0 1 0 255 47 2 0 0 0 0 0 58 0 0 0 56 0 0 0 0 0 0 23 128 0 0 0 11 0 0 0 0 20 0 0 0 61 0 0 0 10 22 2 0 0 0 58 0 0 0 57 0 0 0 0 0 0 215 134 0 0 0 22 0 0 0 0 20 0 0 0 61 0 0 0 14 17 0 0 0 61 0 0 0 9 1 0 22 2 0 0 0 58 0 0 0 59 0 0 0 0 0 0 23 128 0 0 0 11 0 0 0 0 20 0 0 0 61 0 0 0 6 22 2 0 0 0 58 0 0 0 58 0 0 0 0 0 0 23 128 0 0 0 11 0 0 0 0 20 0 0 0 61 0 0 0 13 22 2 0 0 0 54 0 0 0 9 0 7 0 0 0 68 0 96 0 96 0 96 0 96 0 0 0 0 0 1 0 0 0 8 21 118 3 118 3 25 0 0 0 0 0 5 5 5 5 0 0 0 0 0 0 0 0 0 253 25 0 58 0 0 0 57 0 0 0 0 0 0 65 0 0 0 0 4 0 0 0 1 17 0 0 0 0 0 0 58 0 0 0 63 0 0 0 0 0 0 39 128 0 0 0 12 0 0 0 0 3 0 0 0 5 0 0 0 1 0 22 2 0 0 0 58 0 0 0 6 0 1 0 0 0 0 197 140 1 0 0 19 0 0 0 1 67 0 0 0 8 0 0 0 67 0 0 0 1 0 255 47 2 0 0 0 0 0 58 0 0 0 7 0 1 0 0 0 0 197 140 1 0 0 19 0 0 0 1 51 0 0 0 8 0 0 0 64 0 0 0 1 0 255 47 2 0 0 0 0 0 58 0 0 0 10 0 1 0 0 0 0 197 140 1 0 0 19 0 0 0 1 62 0 0 0 8 0 0 0 62 0 0 0 1 0 255 47 2 0 0 0 0 0 58 0 0 0 39 0 1 0 0 0 0 39 128 0 0 0 12 0 0 0 0 3 0 0 0 5 0 0 0 1 0 22 2 0 0 0 58 0 0 0 41 0 1 0 0 0 0 39 128 0 0 0 12 0 0 0 0 3 0 0 0 5 0 0 0 1 0 22 2 0 0 0 0 0 0 0 ");
SendDirectPlayMessage("5 0 0 0 2 0 0 0 ");
SendDirectPlayMessage("60 0 0 0 42 0 0 0 59 0 0 0 8 0 0 0 0 0 0 0 0 0 0 60 0 0 0 128 14 0 0 0 11 0 0 0 1 0 0 0 3 0 0 0 32 2 0 0 0 0 0 0 0 0 ");
SendDirectPlayMessage("5 0 0 0 3 0 0 0 ");
SendDirectPlayMessage("60 0 0 0 42 0 0 0 59 0 0 0 8 0 1 0 0 0 0 0 0 0 0 60 0 0 0 128 14 0 0 0 11 0 0 0 1 0 0 0 3 0 0 0 32 2 0 0 0 0 0 0 0 0 ");
SendDirectPlayMessage("5 0 0 0 4 0 0 0 ");
SendDirectPlayMessage("60 0 0 0 42 0 0 0 59 0 0 0 7 0 0 0 0 0 0 0 0 0 0 60 0 0 0 128 14 0 0 0 11 0 0 0 1 0 0 0 3 0 0 0 32 2 0 0 0 0 0 0 0 0 ");
SendDirectPlayMessage("5 0 0 0 5 0 0 0 ");
SendDirectPlayMessage("60 0 0 0 42 0 0 0 59 0 0 0 7 0 1 0 0 0 0 0 0 0 0 60 0 0 0 128 14 0 0 0 13 0 0 0 1 0 0 0 3 0 0 0 32 2 0 0 0 0 0 0 0 0 ");
SendDirectPlayMessage("5 0 0 0 6 0 0 0 ");
SendDirectPlayMessage("60 0 0 0 42 0 0 0 59 0 0 0 6 0 0 0 0 0 0 0 0 0 0 60 0 0 0 128 14 0 0 0 11 0 0 0 1 0 0 0 3 0 0 0 32 2 0 0 0 0 0 0 0 0 ");
SendDirectPlayMessage("5 0 0 0 7 0 0 0 ");
SendDirectPlayMessage("60 0 0 0 135 0 0 0 59 0 0 0 6 0 1 0 0 0 0 0 0 0 0 60 0 0 0 128 14 0 0 0 11 0 0 0 1 0 0 0 3 0 0 0 32 2 0 0 0 0 58 0 0 0 63 0 0 0 0 0 64 161 0 0 0 0 7 0 0 0 5 0 2 0 55 0 0 0 0 0 0 58 0 0 0 39 0 1 0 0 0 64 161 0 0 0 0 7 0 0 0 3 0 2 0 70 0 0 0 0 0 0 58 0 0 0 41 0 1 0 0 0 64 161 0 0 0 0 7 0 0 0 3 0 2 0 48 0 0 0 0 0 0 0 0 0 0 ");
SendDirectPlayMessage("5 0 0 0 8 0 0 0 ");
SendDirectPlayMessage("60 0 0 0 42 0 0 0 59 0 0 0 5 0 0 0 0 0 0 0 0 0 0 60 0 0 0 128 14 0 0 0 11 0 0 0 1 0 0 0 3 0 0 0 32 2 0 0 0 0 0 0 0 0 ");
SendDirectPlayMessage("5 0 0 0 9 0 0 0 ");
SendDirectPlayMessage("60 0 0 0 42 0 0 0 59 0 0 0 5 0 1 0 0 0 0 0 0 0 0 60 0 0 0 128 14 0 0 0 11 0 0 0 1 0 0 0 3 0 0 0 32 2 0 0 0 0 0 0 0 0 ");
SendDirectPlayMessage("5 0 0 0 10 0 0 0 ");
SendDirectPlayMessage("60 0 0 0 218 0 0 0 59 0 0 0 0 0 0 0 0 0 0 0 0 0 0 60 0 232 122 9 14 0 0 0 255 255 255 255 1 0 0 0 3 0 0 0 32 2 0 0 0 0 59 0 0 0 1 0 0 0 0 0 0 0 2 0 0 60 0 0 0 0 18 0 0 0 104 1 0 0 255 255 255 255 1 0 0 0 3 0 0 0 32 2 0 0 0 0 59 0 0 0 0 0 1 0 0 0 0 0 0 0 0 60 0 254 25 0 14 0 0 0 255 255 255 255 1 0 0 0 3 0 0 0 32 2 0 0 0 0 59 0 0 0 1 0 1 0 0 0 0 0 2 0 0 60 0 0 0 0 18 0 0 0 154 1 0 0 255 255 255 255 1 0 0 0 3 0 0 0 32 2 0 0 0 0 59 0 0 0 4 0 0 0 0 0 0 0 0 0 0 60 0 0 0 0 14 0 0 0 11 0 0 0 1 0 0 0 3 0 0 0 32 2 0 0 0 0 0 0 0 0 ");
SendDirectPlayMessage("5 0 0 0 11 0 0 0 ");
SendDirectPlayMessage("60 0 0 0 58 0 0 0 16 0 0 0 1 0 0 0 0 0 1 83 0 0 1 123 59 0 0 0 4 0 1 0 0 0 0 0 0 0 0 60 0 0 0 128 14 0 0 0 11 0 0 0 1 0 0 0 3 0 0 0 32 2 0 0 0 0 0 0 0 0 ");
SendDirectPlayMessage("14 0 0 0 0 0 0 0 12 0 0 0 0 0 0 0 0 0 255 255 0 0 0 0 108 5 0 0 27 2 0 0 53 0 0 0 8 0 1 0 255 255 255 0 0 0 0 6 0 0 0 0 2 0 0 0 11 0 0 0 4 0 0 0 255 0 0 0 0 0 2 0 3 0 0 0 1 0 0 0 0 0 0 0 0 0 0 0 0 0 0 0 0 0 0 0 0 0 0 0 ");
SendDirectPlayMessage("14 0 0 0 0 0 0 0 11 0 0 0 0 0 0 0 0 0 255 255 0 0 0 0 225 3 0 0 234 3 0 0 53 0 0 0 2 0 1 0 255 255 255 0 0 0 0 3 0 0 0 0 2 0 0 0 8 0 0 0 8 0 0 0 6 0 0 0 0 0 2 0 3 0 0 0 1 0 0 0 0 0 0 0 0 0 0 0 0 0 0 0 0 0 0 0 0 0 0 0 ");
SendDirectPlayMessage("14 0 0 0 0 0 0 0 0 0 0 0 0 0 0 0 0 0 255 255 0 0 0 0 197 3 0 0 40 4 0 0 53 0 0 0 0 0 1 0 255 255 255 0 0 0 0 8 0 0 0 0 2 0 0 0 8 0 0 0 8 0 0 0 5 0 0 0 0 0 2 0 3 0 0 0 1 0 0 0 0 0 0 0 0 0 0 0 0 0 0 0 0 0 0 0 0 0 0 0 ");
SendDirectPlayMessage("14 0 0 0 0 0 0 0 7 0 0 0 0 0 0 0 0 0 255 255 0 0 0 0 181 3 0 0 126 4 0 0 53 0 0 0 4 0 1 0 255 255 255 0 0 0 0 14 0 0 0 0 2 0 0 0 7 0 0 0 9 0 0 0 2 0 0 0 0 0 2 0 3 0 0 0 1 0 0 0 0 0 0 0 0 0 0 0 0 0 0 0 0 0 0 0 0 0 0 0 ");
SendDirectPlayMessage("14 0 0 0 0 0 0 0 11 0 0 0 0 0 0 0 0 0 255 255 0 0 0 0 180 3 0 0 90 6 0 0 53 0 0 0 3 0 1 0 255 255 255 0 0 0 0 10 0 0 0 0 2 0 0 0 7 0 0 0 13 0 0 0 2 0 0 0 0 0 2 0 3 0 0 0 1 0 0 0 0 0 0 0 0 0 0 0 0 0 0 0 0 0 0 0 0 0 0 0 ");
SendDirectPlayMessage("14 0 0 0 0 0 0 0 11 0 0 0 0 0 0 0 0 0 255 255 0 0 0 0 132 3 0 0 189 6 0 0 53 0 0 0 1 0 1 0 255 255 255 0 0 0 0 2 0 0 0 0 2 0 0 0 7 0 0 0 14 0 0 0 255 0 0 0 0 0 2 0 3 0 0 0 1 0 0 0 0 0 0 0 0 0 0 0 0 0 0 0 0 0 0 0 0 0 0 0 ");
SendDirectPlayMessage("24 0 0 0 2 205 96 2 ");
