Running bot as fake server
Sys message "DPSYS_CREATEPLAYERORGROUP" to player 1
Received 16 byte message from 111632803 to 1
20 0 0 0 6 0 0 0 4 0 0 0 1 0 0 0 
________________
Received 60 byte message from 111632803 to 1
16 0 0 0 67 79 73 51 46 54 32 50 48 49 49 48 49 50 52 48 49 0 100 0 140 23 152 9 216 17 0 0 190 0 119 136 203 15 12 0 243 223 2 0 25 240 11 0 182 168 14 0 71 199 57 0 79 170 48 0 
____COI3.6 2011012401_d___Ψ___Ύ_wΛ___σί___π__Ά¨__GΗ9_O0_
Received 8 byte message from 111632803 to 1
3 0 0 0 0 4 0 0 
________
Switching game state from Waiting to Requisition
Received 8 byte message from 111632803 to 1
17 0 0 0 14 0 73 0 
______I_
Received 4 byte message from 111632803 to 1
9 0 0 0 
____
Switching game state from Requisition to Deployment
Received 512 byte message from 111632803 to 1
18 0 0 0 0 0 0 0 0 0 0 0 0 0 0 0 0 0 0 0 0 0 0 0 0 0 0 0 0 0 0 0 0 0 0 0 0 0 0 0 0 0 0 0 0 0 0 0 0 0 0 0 0 0 0 0 0 0 0 0 0 0 0 0 0 0 0 0 0 0 0 0 0 0 0 0 0 0 0 0 0 0 0 0 0 0 0 0 0 0 0 0 0 0 0 0 0 0 0 0 0 0 0 0 0 0 0 0 0 0 0 0 0 0 0 0 0 0 0 0 0 0 0 0 0 0 0 0 0 0 0 0 0 0 0 0 0 0 0 0 0 0 0 0 0 0 0 0 0 0 0 0 0 0 0 0 0 0 0 0 0 0 0 0 0 0 0 0 0 0 0 0 0 0 0 0 0 0 0 0 0 0 0 0 0 0 0 0 0 0 0 0 0 0 0 0 0 0 0 0 0 0 0 0 0 0 0 0 0 0 0 0 0 0 0 0 0 0 0 0 0 0 0 0 0 0 0 0 0 0 0 0 0 0 0 0 0 0 0 0 0 0 0 0 0 0 0 0 0 0 0 0 0 0 0 0 0 0 0 0 0 0 0 0 0 0 0 0 0 0 0 0 0 0 0 0 0 0 0 0 0 0 0 0 0 0 0 0 0 0 0 0 0 0 0 0 0 0 0 0 0 0 0 0 0 0 0 0 0 0 0 0 0 0 0 0 0 0 0 0 0 0 0 0 0 0 0 0 0 0 0 0 0 0 0 0 0 0 0 0 0 0 0 0 0 0 0 0 0 0 0 0 0 0 0 0 0 0 0 0 0 0 0 0 0 0 0 0 0 0 0 0 0 0 0 0 0 0 0 0 0 0 0 0 0 0 0 0 0 0 0 0 0 0 0 0 0 0 0 0 0 0 0 0 0 0 0 0 0 0 0 0 0 0 0 0 0 0 0 0 0 0 0 0 0 0 0 0 0 0 0 0 0 0 0 0 0 0 0 0 0 0 0 0 0 0 0 0 0 0 0 0 0 0 0 0 0 0 0 0 0 0 0 0 0 0 0 0 0 0 0 0 0 0 0 0 0 0 0 0 0 0 0 0 0 0 0 0 0 0 0 0 0 0 0 0 0 0 0 0 0 0 0 0 10 0 64 0 1 231 9 0 
__________________________________________________________________________________________________________________________________________________________________________________________________________________________________________________________________________________________________________________________________________________________________________________________________________________________________________________________________________________________________________________________@__η__
Received 120 byte message from 111632803 to 1
22 0 0 0 0 0 0 0 0 0 0 80 101 116 116 101 114 0 0 0 0 0 0 0 0 0 0 0 0 0 0 0 0 0 0 0 0 2 0 4 98 1 0 0 72 1 0 0 58 1 0 0 44 1 0 0 93 1 0 0 4 0 0 0 0 0 0 0 0 0 0 0 0 0 0 0 0 0 0 0 0 0 0 0 0 0 0 0 0 0 0 0 1 0 0 0 0 0 0 0 0 0 0 0 0 0 0 0 0 0 0 0 0 0 0 0 3 0 0 0 
___________Petter_______________________b___H___:___,___]_______________________________________________________________
Received 120 byte message from 111632803 to 1
22 0 0 0 1 0 0 0 1 0 0 80 105 115 116 114 105 99 0 0 0 0 0 0 0 0 0 0 0 0 0 0 0 0 0 0 0 2 1 2 247 0 0 0 23 1 0 0 4 1 0 0 21 1 0 0 41 1 0 0 3 0 0 0 0 0 0 0 0 0 0 0 0 0 0 0 0 0 0 0 0 0 0 0 0 0 0 0 0 0 0 0 1 0 0 0 0 0 0 0 0 0 0 0 0 0 0 0 0 0 0 0 0 0 0 0 1 0 0 0 
___________Pistric______________________χ_______________)_______________________________________________________________
Received 120 byte message from 111632803 to 1
22 0 0 0 2 0 0 0 2 0 0 82 121 97 98 117 115 104 101 110 107 111 0 0 0 0 0 0 0 0 0 0 0 0 0 0 0 1 2 0 150 0 0 0 31 1 0 0 242 0 0 0 225 0 0 0 225 0 0 0 0 0 0 0 0 0 0 0 0 0 0 0 0 0 0 0 0 0 0 0 0 0 0 0 0 0 0 0 0 0 0 0 1 0 0 0 0 0 0 0 0 0 0 0 0 0 0 0 0 0 0 0 0 0 0 0 0 0 0 0 
___________Ryabushenko_________________________ς___α___α_______________________________________________________________
Received 120 byte message from 111632803 to 1
22 0 0 0 3 0 0 0 3 0 0 75 101 114 101 115 116 101 115 104 0 111 0 0 0 0 0 0 0 0 0 0 0 0 0 0 0 2 0 3 20 1 0 0 10 1 0 0 252 0 0 0 234 0 0 0 21 1 0 0 1 0 0 0 0 0 0 0 0 0 0 0 0 0 0 0 0 0 0 0 0 0 0 0 0 0 0 0 0 0 0 0 1 0 0 0 0 0 0 0 0 0 0 0 0 0 0 0 0 0 0 0 0 0 0 0 2 0 0 0 
___________Kerestesh_o__________________________ό___κ___________________________________________________________________
Received 120 byte message from 111632803 to 1
22 0 0 0 4 0 0 0 4 0 0 80 111 108 115 107 105 121 0 104 0 111 0 0 0 0 0 0 0 0 0 0 0 0 0 0 0 2 1 2 232 0 0 0 22 1 0 0 248 0 0 0 248 0 0 0 15 1 0 0 3 0 0 0 0 0 0 0 0 0 0 0 0 0 0 0 0 0 0 0 0 0 0 0 0 0 0 0 0 0 0 0 1 0 0 0 0 0 0 0 0 0 0 0 0 0 0 0 0 0 0 0 0 0 0 0 1 0 0 0 
___________Polskiy_h_o__________________θ_______ψ___ψ___________________________________________________________________
Received 120 byte message from 111632803 to 1
22 0 0 0 5 0 0 0 5 0 0 89 97 115 101 110 101 118 0 104 0 111 0 0 0 0 0 0 0 0 0 0 0 0 0 0 0 1 6 0 166 0 0 0 226 0 0 0 13 1 0 0 249 0 0 0 249 0 0 0 2 0 0 0 0 0 0 0 0 0 0 0 0 0 0 0 0 0 0 0 0 0 0 0 0 0 0 0 0 0 0 0 1 0 0 0 0 0 0 0 0 0 0 0 0 0 0 0 0 0 0 0 0 0 0 0 0 0 0 0 
___________Yasenev_h_o__________________¦___β_______ω___ω_______________________________________________________________
Received 120 byte message from 111632803 to 1
22 0 0 0 6 0 0 0 6 0 0 66 97 122 117 110 111 118 0 104 0 111 0 0 0 0 0 0 0 0 0 0 0 0 0 0 0 1 7 0 144 0 0 0 40 1 0 0 190 0 0 0 216 0 0 0 216 0 0 0 2 0 0 0 0 0 0 0 0 0 0 0 0 0 0 0 0 0 0 0 0 0 0 0 0 0 0 0 0 0 0 0 1 0 0 0 0 0 0 0 0 0 0 0 0 0 0 0 0 0 0 0 0 0 0 0 0 0 0 0 
___________Bazunov_h_o_____________________(___Ύ___Ψ___Ψ_______________________________________________________________
Received 120 byte message from 111632803 to 1
22 0 0 0 7 0 0 0 7 0 0 80 111 110 111 109 97 114 101 110 107 111 0 0 0 0 0 0 0 0 0 0 0 0 0 0 0 1 4 0 146 0 0 0 56 1 0 0 6 1 0 0 220 0 0 0 220 0 0 0 0 0 0 0 0 0 0 0 0 0 0 0 0 0 0 0 0 0 0 0 0 0 0 0 0 0 0 0 0 0 0 0 1 0 0 0 0 0 0 0 0 0 0 0 0 0 0 0 0 0 0 0 0 0 0 0 0 0 0 0 
___________Ponomarenko_____________________8_______ά___ά_______________________________________________________________
Received 120 byte message from 111632803 to 1
22 0 0 0 8 0 0 0 8 0 0 80 111 108 105 118 101 122 0 110 107 111 0 0 0 0 0 0 0 0 0 0 0 0 0 0 0 59 5 0 122 0 0 0 254 0 0 0 11 1 0 0 183 0 0 0 183 0 0 0 0 0 0 0 0 0 0 0 0 0 0 0 0 0 0 0 0 0 0 0 0 0 0 0 0 0 0 0 0 0 0 0 1 0 0 0 0 0 0 0 0 0 0 0 0 0 0 0 0 0 0 0 0 0 0 0 0 0 0 0 
___________Polivez_nko_______________;__z___ώ_______·___·_______________________________________________________________
Received 120 byte message from 111632803 to 1
22 0 0 0 9 0 0 0 9 0 0 75 104 97 115 97 110 111 118 0 107 111 0 0 0 0 0 0 0 0 0 0 0 0 0 0 0 3 2 1 143 0 0 0 16 1 0 0 252 0 0 0 191 0 0 0 197 0 0 0 0 0 0 0 0 0 0 0 0 0 0 0 0 0 0 0 0 0 0 0 0 0 0 0 0 0 0 0 0 0 0 0 1 0 0 0 0 0 0 0 0 0 0 0 0 0 0 0 0 0 0 0 0 0 0 0 4 0 0 0 
___________Khasanov_ko_________________________ό___Ώ___Ε_______________________________________________________________
Received 120 byte message from 111632803 to 1
22 0 0 0 10 0 0 0 10 0 0 83 104 107 108 105 97 114 0 0 107 111 0 0 0 0 0 0 0 0 0 0 0 0 0 0 0 1 3 1 152 0 0 0 234 0 0 0 248 0 0 0 204 0 0 0 210 0 0 0 0 0 0 0 0 0 0 0 0 0 0 0 0 0 0 0 0 0 0 0 0 0 0 0 0 0 0 0 0 0 0 0 1 0 0 0 0 0 0 0 0 0 0 0 0 0 0 0 0 0 0 0 0 0 0 0 6 0 0 0 
___________Shkliar__ko_____________________κ___ψ___Μ__________________________________________________________________
Received 120 byte message from 111632803 to 1
22 0 0 0 11 0 0 0 11 0 0 66 101 103 111 121 97 110 0 0 107 111 0 0 0 0 0 0 0 0 0 0 0 0 0 0 0 1 8 0 131 0 0 0 1 1 0 0 208 0 0 0 197 0 0 0 197 0 0 0 0 0 0 0 0 0 0 0 0 0 0 0 0 0 0 0 0 0 0 0 0 0 0 0 0 0 0 0 0 0 0 0 1 0 0 0 0 0 0 0 0 0 0 0 0 0 0 0 0 0 0 0 0 0 0 0 0 0 0 0 
___________Begoyan__ko_________________________Π___Ε___Ε_______________________________________________________________
Received 120 byte message from 111632803 to 1
22 0 0 0 12 0 0 0 12 0 0 68 117 108 101 98 105 110 101 116 115 0 0 0 0 0 0 0 0 0 0 0 0 0 0 0 0 38 9 0 139 0 0 0 224 0 0 0 240 0 0 0 209 0 0 0 209 0 0 0 0 0 0 0 0 0 0 0 0 0 0 0 0 0 0 0 0 0 0 0 0 0 0 0 0 0 0 0 0 0 0 0 1 0 0 0 0 0 0 0 0 0 0 0 0 0 0 0 0 0 0 0 0 0 0 0 0 0 0 0 
___________Dulebinets________________&_____ΰ___π___Ρ___Ρ_______________________________________________________________
Received 120 byte message from 111632803 to 1
22 0 0 0 13 0 0 0 13 0 0 80 101 116 114 111 99 104 101 110 107 111 0 0 0 0 0 0 0 0 0 0 0 0 0 0 0 2 0 3 28 1 0 0 250 0 0 0 248 0 0 0 252 0 0 0 36 1 0 0 1 0 0 0 0 0 0 0 0 0 0 0 0 0 0 0 0 0 0 0 0 0 0 0 0 0 0 0 0 0 0 0 1 0 0 0 0 0 0 0 0 0 0 0 0 0 0 0 0 0 0 0 0 0 0 0 2 0 0 0 
___________Petrochenko______________________ϊ___ψ___ό___$_______________________________________________________________
Received 120 byte message from 111632803 to 1
22 0 0 0 14 0 0 0 14 0 0 66 97 108 97 115 104 111 118 0 107 111 0 0 0 0 0 0 0 0 0 0 0 0 0 0 0 2 1 2 221 0 0 0 42 1 0 0 21 1 0 0 229 0 0 0 253 0 0 0 3 0 0 0 0 0 0 0 0 0 0 0 0 0 0 0 0 0 0 0 0 0 0 0 0 0 0 0 0 0 0 0 1 0 0 0 0 0 0 0 0 0 0 0 0 0 0 0 0 0 0 0 0 0 0 0 1 0 0 0 
___________Balashov_ko__________________έ___*_______ε___ύ_______________________________________________________________
Received 120 byte message from 111632803 to 1
22 0 0 0 15 0 0 0 15 0 0 80 117 116 105 108 105 110 0 0 107 111 0 0 0 0 0 0 0 0 0 0 0 0 0 0 0 3 2 1 185 0 0 0 20 1 0 0 254 0 0 0 0 1 0 0 5 1 0 0 2 0 0 0 0 0 0 0 0 0 0 0 0 0 0 0 0 0 0 0 0 0 0 0 0 0 0 0 0 0 0 0 1 0 0 0 0 0 0 0 0 0 0 0 0 0 0 0 0 0 0 0 0 0 0 0 4 0 0 0 
___________Putilin__ko__________________Ή_______ώ_______________________________________________________________________
Received 120 byte message from 111632803 to 1
22 0 0 0 16 0 0 0 16 0 0 84 114 117 115 104 105 110 0 0 107 111 0 0 0 0 0 0 0 0 0 0 0 0 0 0 0 1 3 1 138 0 0 0 239 0 0 0 254 0 0 0 182 0 0 0 188 0 0 0 2 0 0 0 0 0 0 0 0 0 0 0 0 0 0 0 0 0 0 0 0 0 0 0 0 0 0 0 0 0 0 0 1 0 0 0 0 0 0 0 0 0 0 0 0 0 0 0 0 0 0 0 0 0 0 0 6 0 0 0 
___________Trushin__ko_____________________ο___ώ___Ά___Ό_______________________________________________________________
Received 120 byte message from 111632803 to 1
22 0 0 0 17 0 0 0 17 0 0 67 104 105 114 107 111 118 0 0 107 111 0 0 0 0 0 0 0 0 0 0 0 0 0 0 0 1 7 0 125 0 0 0 55 1 0 0 249 0 0 0 188 0 0 0 188 0 0 0 0 0 0 0 0 0 0 0 0 0 0 0 0 0 0 0 0 0 0 0 0 0 0 0 0 0 0 0 0 0 0 0 1 0 0 0 0 0 0 0 0 0 0 0 0 0 0 0 0 0 0 0 0 0 0 0 0 0 0 0 
___________Chirkov__ko__________________}___7___ω___Ό___Ό_______________________________________________________________
Received 120 byte message from 111632803 to 1
22 0 0 0 18 0 0 0 18 0 0 71 111 110 116 97 114 0 0 0 107 111 0 0 0 0 0 0 0 0 0 0 0 0 0 0 0 1 4 1 164 0 0 0 56 1 0 0 216 0 0 0 223 0 0 0 228 0 0 0 0 0 0 0 0 0 0 0 0 0 0 0 0 0 0 0 0 0 0 0 0 0 0 0 0 0 0 0 0 0 0 0 1 0 0 0 0 0 0 0 0 0 0 0 0 0 0 0 0 0 0 0 0 0 0 0 0 0 0 0 
___________Gontar___ko_____________________8___Ψ___ί___δ_______________________________________________________________
Received 120 byte message from 111632803 to 1
22 0 0 0 19 0 0 0 19 0 0 66 101 114 101 122 105 110 0 0 107 111 0 0 0 0 0 0 0 0 0 0 0 0 0 0 0 38 9 0 147 0 0 0 226 0 0 0 198 0 0 0 221 0 0 0 221 0 0 0 0 0 0 0 0 0 0 0 0 0 0 0 0 0 0 0 0 0 0 0 0 0 0 0 0 0 0 0 0 0 0 0 1 0 0 0 0 0 0 0 0 0 0 0 0 0 0 0 0 0 0 0 0 0 0 0 0 0 0 0 
___________Berezin__ko_______________&_____β___Ζ___έ___έ_______________________________________________________________
Received 120 byte message from 111632803 to 1
22 0 0 0 20 0 0 0 20 0 0 83 104 117 109 105 108 105 110 0 107 111 0 0 0 0 0 0 0 0 0 0 0 0 0 0 0 59 5 1 167 0 0 0 22 1 0 0 230 0 0 0 227 0 0 0 232 0 0 0 0 0 0 0 0 0 0 0 0 0 0 0 0 0 0 0 0 0 0 0 0 0 0 0 0 0 0 0 0 0 0 0 1 0 0 0 0 0 0 0 0 0 0 0 0 0 0 0 0 0 0 0 0 0 0 0 0 0 0 0 
___________Shumilin_ko_______________;__§_______ζ___γ___θ_______________________________________________________________
Received 120 byte message from 111632803 to 1
22 0 0 0 21 0 0 0 21 0 0 80 114 111 114 111 99 104 101 110 107 111 0 0 0 0 0 0 0 0 0 0 0 0 0 0 0 1 8 0 139 0 0 0 5 1 0 0 232 0 0 0 209 0 0 0 209 0 0 0 0 0 0 0 0 0 0 0 0 0 0 0 0 0 0 0 0 0 0 0 0 0 0 0 0 0 0 0 0 0 0 0 1 0 0 0 0 0 0 0 0 0 0 0 0 0 0 0 0 0 0 0 0 0 0 0 0 0 0 0 
___________Prorochenko_________________________θ___Ρ___Ρ_______________________________________________________________
Received 120 byte message from 111632803 to 1
22 0 0 0 22 0 0 0 22 0 0 83 104 101 109 101 116 111 118 0 107 111 0 0 0 0 0 0 0 0 0 0 0 0 0 0 0 1 6 1 143 0 0 0 241 0 0 0 231 0 0 0 189 0 0 0 195 0 0 0 0 0 0 0 0 0 0 0 0 0 0 0 0 0 0 0 0 0 0 0 0 0 0 0 0 0 0 0 0 0 0 0 1 0 0 0 0 0 0 0 0 0 0 0 0 0 0 0 0 0 0 0 0 0 0 0 0 0 0 0 
___________Shemetov_ko_____________________ρ___η___½___Γ_______________________________________________________________
Received 120 byte message from 111632803 to 1
22 0 0 0 23 0 0 0 23 0 0 71 97 108 105 110 0 111 118 0 107 111 0 0 0 0 0 0 0 0 0 0 0 0 0 0 0 2 0 3 21 1 0 0 31 1 0 0 52 1 0 0 236 0 0 0 23 1 0 0 1 0 0 0 0 0 0 0 0 0 0 0 0 0 0 0 0 0 0 0 0 0 0 0 0 0 0 0 0 0 0 0 1 0 0 0 0 0 0 0 0 0 0 0 0 0 0 0 0 0 0 0 0 0 0 0 2 0 0 0 
___________Galin_ov_ko__________________________4___μ___________________________________________________________________
Received 120 byte message from 111632803 to 1
22 0 0 0 24 0 0 0 24 0 0 71 114 101 118 110 105 110 0 0 107 111 0 0 0 0 0 0 0 0 0 0 0 0 0 0 0 59 1 2 230 0 0 0 228 0 0 0 223 0 0 0 246 0 0 0 13 1 0 0 3 0 0 0 0 0 0 0 0 0 0 0 0 0 0 0 0 0 0 0 0 0 0 0 0 0 0 0 0 0 0 0 1 0 0 0 0 0 0 0 0 0 0 0 0 0 0 0 0 0 0 0 0 0 0 0 1 0 0 0 
___________Grevnin__ko_______________;__ζ___δ___ί___φ___________________________________________________________________
Received 120 byte message from 111632803 to 1
22 0 0 0 25 0 0 0 25 0 0 77 101 100 118 101 100 101 118 0 107 111 0 0 0 0 0 0 0 0 0 0 0 0 0 0 0 1 8 0 131 0 0 0 248 0 0 0 191 0 0 0 197 0 0 0 197 0 0 0 0 0 0 0 0 0 0 0 0 0 0 0 0 0 0 0 0 0 0 0 0 0 0 0 0 0 0 0 0 0 0 0 1 0 0 0 0 0 0 0 0 0 0 0 0 0 0 0 0 0 0 0 0 0 0 0 0 0 0 0 
___________Medvedev_ko_____________________ψ___Ώ___Ε___Ε_______________________________________________________________
Received 120 byte message from 111632803 to 1
22 0 0 0 26 0 0 0 26 0 0 83 117 108 116 97 110 111 118 0 107 111 0 0 0 0 0 0 0 0 0 0 0 0 0 0 0 16 2 1 156 0 0 0 36 1 0 0 247 0 0 0 211 0 0 0 216 0 0 0 0 0 0 0 0 0 0 0 0 0 0 0 0 0 0 0 0 0 0 0 0 0 0 0 0 0 0 0 0 0 0 0 1 0 0 0 0 0 0 0 0 0 0 0 0 0 0 0 0 0 0 0 0 0 0 0 0 0 0 0 
___________Sultanov_ko_____________________$___χ___Σ___Ψ_______________________________________________________________
Received 120 byte message from 111632803 to 1
22 0 0 0 27 0 0 0 27 0 0 83 116 97 114 105 110 110 111 118 0 111 0 0 0 0 0 0 0 0 0 0 0 0 0 0 0 16 4 0 122 0 0 0 29 1 0 0 216 0 0 0 184 0 0 0 184 0 0 0 0 0 0 0 0 0 0 0 0 0 0 0 0 0 0 0 0 0 0 0 0 0 0 0 0 0 0 0 0 0 0 0 1 0 0 0 0 0 0 0 0 0 0 0 0 0 0 0 0 0 0 0 0 0 0 0 0 0 0 0 
___________Starinnov_o__________________z_______Ψ___Έ___Έ_______________________________________________________________
Received 120 byte message from 111632803 to 1
22 0 0 0 28 0 0 0 28 0 0 72 97 114 107 111 118 0 111 118 0 111 0 0 0 0 0 0 0 0 0 0 0 0 0 0 0 16 5 0 120 0 0 0 8 1 0 0 224 0 0 0 181 0 0 0 181 0 0 0 0 0 0 0 0 0 0 0 0 0 0 0 0 0 0 0 0 0 0 0 0 0 0 0 0 0 0 0 0 0 0 0 1 0 0 0 0 0 0 0 0 0 0 0 0 0 0 0 0 0 0 0 0 0 0 0 0 0 0 0 
___________Harkov_ov_o__________________x_______ΰ___΅___΅_______________________________________________________________
Received 120 byte message from 111632803 to 1
22 0 0 0 29 0 0 0 29 0 0 67 104 101 114 110 105 97 118 115 107 105 121 0 0 0 0 0 0 0 0 0 0 0 0 0 0 1 6 0 125 0 0 0 35 1 0 0 215 0 0 0 188 0 0 0 188 0 0 0 0 0 0 0 0 0 0 0 0 0 0 0 0 0 0 0 0 0 0 0 0 0 0 0 0 0 0 0 0 0 0 0 1 0 0 0 0 0 0 0 0 0 0 0 0 0 0 0 0 0 0 0 0 0 0 0 0 0 0 0 
___________Cherniavskiy_________________}___#___Χ___Ό___Ό_______________________________________________________________
Received 120 byte message from 111632803 to 1
22 0 0 0 30 0 0 0 30 0 0 68 101 109 107 105 110 0 118 115 107 105 121 0 0 0 0 0 0 0 0 0 0 0 0 0 0 1 7 0 133 0 0 0 11 1 0 0 220 0 0 0 200 0 0 0 200 0 0 0 0 0 0 0 0 0 0 0 0 0 0 0 0 0 0 0 0 0 0 0 0 0 0 0 0 0 0 0 0 0 0 0 1 0 0 0 0 0 0 0 0 0 0 0 0 0 0 0 0 0 0 0 0 0 0 0 0 0 0 0 
___________Demkin_vskiy________________________ά___Θ___Θ_______________________________________________________________
Received 120 byte message from 111632803 to 1
22 0 0 0 31 0 0 0 31 0 0 75 105 114 101 121 101 118 0 115 107 105 121 0 0 0 0 0 0 0 0 0 0 0 0 0 0 16 3 1 166 0 0 0 25 1 0 0 220 0 0 0 226 0 0 0 231 0 0 0 0 0 0 0 0 0 0 0 0 0 0 0 0 0 0 0 0 0 0 0 0 0 0 0 0 0 0 0 0 0 0 0 1 0 0 0 0 0 0 0 0 0 0 0 0 0 0 0 0 0 0 0 0 0 0 0 0 0 0 0 
___________Kireyev_skiy_________________¦_______ά___β___η_______________________________________________________________
Received 120 byte message from 111632803 to 1
22 0 0 0 32 0 0 0 32 0 0 73 108 117 99 104 101 110 107 111 0 105 121 0 0 0 0 0 0 0 0 0 0 0 0 0 0 1 9 0 142 0 0 0 43 1 0 0 193 0 0 0 213 0 0 0 213 0 0 0 0 0 0 0 0 0 0 0 0 0 0 0 0 0 0 0 0 0 0 0 0 0 0 0 0 0 0 0 0 0 0 0 1 0 0 0 0 0 0 0 0 0 0 0 0 0 0 0 0 0 0 0 0 0 0 0 0 0 0 0 
____ ___ __Iluchenko_iy____________________+___Α___Υ___Υ_______________________________________________________________
Received 120 byte message from 111632803 to 1
22 0 0 0 33 0 0 0 33 0 0 67 104 109 117 116 0 110 107 111 0 105 121 0 0 0 0 0 0 0 0 0 0 0 0 0 0 2 0 3 26 1 0 0 244 0 0 0 13 1 0 0 247 0 0 0 32 1 0 0 1 0 0 0 0 0 0 0 0 0 0 0 0 0 0 0 0 0 0 0 0 0 0 0 0 0 0 0 0 0 0 0 1 0 0 0 0 0 0 0 0 0 0 0 0 0 0 0 0 0 0 0 0 0 0 0 2 0 0 0 
____!___!__Chmut_nko_iy_____________________τ_______χ___ _______________________________________________________________
Received 120 byte message from 111632803 to 1
22 0 0 0 34 0 0 0 34 0 0 75 104 111 108 107 105 110 0 111 0 105 121 0 0 0 0 0 0 0 0 0 0 0 0 0 0 59 1 2 216 0 0 0 43 1 0 0 20 1 0 0 217 0 0 0 242 0 0 0 3 0 0 0 0 0 0 0 0 0 0 0 0 0 0 0 0 0 0 0 0 0 0 0 0 0 0 0 0 0 0 0 1 0 0 0 0 0 0 0 0 0 0 0 0 0 0 0 0 0 0 0 0 0 0 0 1 0 0 0 
____"___"__Kholkin_o_iy______________;__Ψ___+_______Ω___ς_______________________________________________________________
Received 120 byte message from 111632803 to 1
22 0 0 0 35 0 0 0 35 0 0 69 116 116 115 101 108 0 0 111 0 105 121 0 0 0 0 0 0 0 0 0 0 0 0 0 0 16 2 1 149 0 0 0 228 0 0 0 238 0 0 0 200 0 0 0 206 0 0 0 0 0 0 0 0 0 0 0 0 0 0 0 0 0 0 0 0 0 0 0 0 0 0 0 0 0 0 0 0 0 0 0 1 0 0 0 0 0 0 0 0 0 0 0 0 0 0 0 0 0 0 0 0 0 0 0 0 0 0 0 
____#___#__Ettsel__o_iy____________________δ___ξ___Θ___Ξ_______________________________________________________________
Received 120 byte message from 111632803 to 1
22 0 0 0 36 0 0 0 36 0 0 69 108 105 115 116 114 97 116 111 118 0 121 0 0 0 0 0 0 0 0 0 0 0 0 0 0 16 3 1 148 0 0 0 240 0 0 0 216 0 0 0 198 0 0 0 204 0 0 0 0 0 0 0 0 0 0 0 0 0 0 0 0 0 0 0 0 0 0 0 0 0 0 0 0 0 0 0 0 0 0 0 1 0 0 0 0 0 0 0 0 0 0 0 0 0 0 0 0 0 0 0 0 0 0 0 0 0 0 0 
____$___$__Elistratov_y____________________π___Ψ___Ζ___Μ_______________________________________________________________
Received 120 byte message from 111632803 to 1
22 0 0 0 37 0 0 0 37 0 0 83 97 116 107 111 0 97 116 111 118 0 121 0 0 0 0 0 0 0 0 0 0 0 0 0 0 16 4 1 141 0 0 0 249 0 0 0 197 0 0 0 187 0 0 0 193 0 0 0 0 0 0 0 0 0 0 0 0 0 0 0 0 0 0 0 0 0 0 0 0 0 0 0 0 0 0 0 0 0 0 0 1 0 0 0 0 0 0 0 0 0 0 0 0 0 0 0 0 0 0 0 0 0 0 0 0 0 0 0 
____%___%__Satko_atov_y____________________ω___Ε___»___Α_______________________________________________________________
Received 120 byte message from 111632803 to 1
22 0 0 0 38 0 0 0 38 0 0 77 97 116 118 101 121 101 118 0 118 0 121 0 0 0 0 0 0 0 0 0 0 0 0 0 0 1 8 0 128 0 0 0 48 1 0 0 250 0 0 0 193 0 0 0 193 0 0 0 0 0 0 0 0 0 0 0 0 0 0 0 0 0 0 0 0 0 0 0 0 0 0 0 0 0 0 0 0 0 0 0 1 0 0 0 0 0 0 0 0 0 0 0 0 0 0 0 0 0 0 0 0 0 0 0 0 0 0 0 
____&___&__Matveyev_v_y____________________0___ϊ___Α___Α_______________________________________________________________
Received 120 byte message from 111632803 to 1
22 0 0 0 39 0 0 0 39 0 0 67 104 101 114 101 112 97 110 111 118 0 121 0 0 0 0 0 0 0 0 0 0 0 0 0 0 1 6 0 130 0 0 0 55 1 0 0 232 0 0 0 196 0 0 0 196 0 0 0 0 0 0 0 0 0 0 0 0 0 0 0 0 0 0 0 0 0 0 0 0 0 0 0 0 0 0 0 0 0 0 0 1 0 0 0 0 0 0 0 0 0 0 0 0 0 0 0 0 0 0 0 0 0 0 0 0 0 0 0 
____'___'__Cherepanov_y____________________7___θ___Δ___Δ_______________________________________________________________
Received 120 byte message from 111632803 to 1
22 0 0 0 40 0 0 0 40 0 0 80 114 111 107 111 102 121 101 118 0 0 121 0 0 0 0 0 0 0 0 0 0 0 0 0 0 1 7 0 124 0 0 0 225 0 0 0 186 0 0 0 186 0 0 0 186 0 0 0 0 0 0 0 0 0 0 0 0 0 0 0 0 0 0 0 0 0 0 0 0 0 0 0 0 0 0 0 0 0 0 0 1 0 0 0 0 0 0 0 0 0 0 0 0 0 0 0 0 0 0 0 0 0 0 0 0 0 0 0 
____(___(__Prokofyev__y_________________|___α___Ί___Ί___Ί_______________________________________________________________
Received 120 byte message from 111632803 to 1
22 0 0 0 41 0 0 0 41 0 0 83 97 122 111 110 111 118 0 118 0 0 121 0 0 0 0 0 0 0 0 0 0 0 0 0 0 16 5 1 165 0 0 0 57 1 0 0 246 0 0 0 225 0 0 0 230 0 0 0 0 0 0 0 0 0 0 0 0 0 0 0 0 0 0 0 0 0 0 0 0 0 0 0 0 0 0 0 0 0 0 0 1 0 0 0 0 0 0 0 0 0 0 0 0 0 0 0 0 0 0 0 0 0 0 0 0 0 0 0 
____)___)__Sazonov_v__y____________________9___φ___α___ζ_______________________________________________________________
Received 120 byte message from 111632803 to 1
22 0 0 0 42 0 0 0 42 0 0 83 108 97 118 103 111 114 111 100 115 107 105 121 0 0 0 0 0 0 0 0 0 0 0 0 0 1 9 0 122 0 0 0 250 0 0 0 243 0 0 0 184 0 0 0 184 0 0 0 0 0 0 0 0 0 0 0 0 0 0 0 0 0 0 0 0 0 0 0 0 0 0 0 0 0 0 0 0 0 0 0 1 0 0 0 0 0 0 0 0 0 0 0 0 0 0 0 0 0 0 0 0 0 0 0 0 0 0 0 
____*___*__Slavgorodskiy________________z___ϊ___σ___Έ___Έ_______________________________________________________________
Received 120 byte message from 111632803 to 1
22 0 0 0 43 0 0 0 43 0 0 66 97 122 104 111 118 0 111 100 115 107 105 121 0 0 0 0 0 0 0 0 0 0 0 0 0 2 0 3 33 1 0 0 230 0 0 0 255 0 0 0 8 1 0 0 46 1 0 0 1 0 0 0 0 0 0 0 0 0 0 0 0 0 0 0 0 0 0 0 0 0 0 0 0 0 0 0 0 0 0 0 1 0 0 0 0 0 0 0 0 0 0 0 0 0 0 0 0 0 0 0 0 0 0 0 2 0 0 0 
____+___+__Bazhov_odskiy________________!___ζ__________._______________________________________________________________
Received 120 byte message from 111632803 to 1
22 0 0 0 44 0 0 0 44 0 0 69 114 101 109 101 101 118 0 100 115 107 105 121 0 0 0 0 0 0 0 0 0 0 0 0 0 59 1 2 221 0 0 0 7 1 0 0 8 1 0 0 228 0 0 0 252 0 0 0 3 0 0 0 0 0 0 0 0 0 0 0 0 0 0 0 0 0 0 0 0 0 0 0 0 0 0 0 0 0 0 0 1 0 0 0 0 0 0 0 0 0 0 0 0 0 0 0 0 0 0 0 0 0 0 0 1 0 0 0 
____,___,__Eremeev_dskiy_____________;__έ___________δ___ό_______________________________________________________________
Received 120 byte message from 111632803 to 1
22 0 0 0 45 0 0 0 45 0 0 70 105 108 105 112 111 118 0 100 115 107 105 121 0 0 0 0 0 0 0 0 0 0 0 0 0 1 8 0 132 0 0 0 11 1 0 0 230 0 0 0 199 0 0 0 199 0 0 0 0 0 0 0 0 0 0 0 0 0 0 0 0 0 0 0 0 0 0 0 0 0 0 0 0 0 0 0 0 0 0 0 1 0 0 0 0 0 0 0 0 0 0 0 0 0 0 0 0 0 0 0 0 0 0 0 0 0 0 0 
____-___-__Filipov_dskiy_______________________ζ___Η___Η_______________________________________________________________
Received 120 byte message from 111632803 to 1
22 0 0 0 46 0 0 0 46 0 0 75 114 101 109 110 101 118 0 100 115 107 105 121 0 0 0 0 0 0 0 0 0 0 0 0 0 1 9 0 121 0 0 0 226 0 0 0 241 0 0 0 182 0 0 0 182 0 0 0 0 0 0 0 0 0 0 0 0 0 0 0 0 0 0 0 0 0 0 0 0 0 0 0 0 0 0 0 0 0 0 0 1 0 0 0 0 0 0 0 0 0 0 0 0 0 0 0 0 0 0 0 0 0 0 0 0 0 0 0 
____.___.__Kremnev_dskiy________________y___β___ρ___Ά___Ά_______________________________________________________________
Received 120 byte message from 111632803 to 1
22 0 0 0 47 0 0 0 47 0 0 80 111 108 117 107 104 105 110 0 115 107 105 121 0 0 0 0 0 0 0 0 0 0 0 0 0 16 2 1 168 0 0 0 37 1 0 0 244 0 0 0 231 0 0 0 236 0 0 0 0 0 0 0 0 0 0 0 0 0 0 0 0 0 0 0 0 0 0 0 0 0 0 0 0 0 0 0 0 0 0 0 1 0 0 0 0 0 0 0 0 0 0 0 0 0 0 0 0 0 0 0 0 0 0 0 0 0 0 0 
____/___/__Polukhin_skiy________________¨___%___τ___η___μ_______________________________________________________________
Received 120 byte message from 111632803 to 1
22 0 0 0 48 0 0 0 48 0 0 70 101 100 111 114 99 104 101 110 107 111 0 121 0 0 0 0 0 0 0 0 0 0 0 0 0 16 3 1 158 0 0 0 254 0 0 0 235 0 0 0 214 0 0 0 219 0 0 0 0 0 0 0 0 0 0 0 0 0 0 0 0 0 0 0 0 0 0 0 0 0 0 0 0 0 0 0 0 0 0 0 1 0 0 0 0 0 0 0 0 0 0 0 0 0 0 0 0 0 0 0 0 0 0 0 0 0 0 0 
____0___0__Fedorchenko_y___________________ώ___λ___Φ___Ϋ_______________________________________________________________
Received 120 byte message from 111632803 to 1
22 0 0 0 49 0 0 0 49 0 0 80 111 110 111 109 97 114 101 118 0 111 0 121 0 0 0 0 0 0 0 0 0 0 0 0 0 16 4 1 149 0 0 0 247 0 0 0 212 0 0 0 200 0 0 0 206 0 0 0 0 0 0 0 0 0 0 0 0 0 0 0 0 0 0 0 0 0 0 0 0 0 0 0 0 0 0 0 0 0 0 0 1 0 0 0 0 0 0 0 0 0 0 0 0 0 0 0 0 0 0 0 0 0 0 0 0 0 0 0 
____1___1__Ponomarev_o_y___________________χ___Τ___Θ___Ξ_______________________________________________________________
Received 120 byte message from 111632803 to 1
22 0 0 0 50 0 0 0 50 0 0 77 97 105 100 97 110 111 118 0 0 111 0 121 0 0 0 0 0 0 0 0 0 0 0 0 0 16 5 1 158 0 0 0 38 1 0 0 213 0 0 0 214 0 0 0 219 0 0 0 0 0 0 0 0 0 0 0 0 0 0 0 0 0 0 0 0 0 0 0 0 0 0 0 0 0 0 0 0 0 0 0 1 0 0 0 0 0 0 0 0 0 0 0 0 0 0 0 0 0 0 0 0 0 0 0 0 0 0 0 
____2___2__Maidanov__o_y___________________&___Υ___Φ___Ϋ_______________________________________________________________
Received 120 byte message from 111632803 to 1
22 0 0 0 51 0 0 0 51 0 0 65 118 101 114 107 105 110 0 0 0 111 0 121 0 0 0 0 0 0 0 0 0 0 0 0 0 1 6 1 144 0 0 0 16 1 0 0 18 1 0 0 193 0 0 0 199 0 0 0 0 0 0 0 0 0 0 0 0 0 0 0 0 0 0 0 0 0 0 0 0 0 0 0 0 0 0 0 0 0 0 0 1 0 0 0 0 0 0 0 0 0 0 0 0 0 0 0 0 0 0 0 0 0 0 0 0 0 0 0 
____3___3__Averkin___o_y___________________________Α___Η_______________________________________________________________
Received 120 byte message from 111632803 to 1
22 0 0 0 52 0 0 0 52 0 0 86 97 116 111 108 107 105 110 0 0 111 0 121 0 0 0 0 0 0 0 0 0 0 0 0 0 1 7 1 153 0 0 0 32 1 0 0 211 0 0 0 206 0 0 0 211 0 0 0 0 0 0 0 0 0 0 0 0 0 0 0 0 0 0 0 0 0 0 0 0 0 0 0 0 0 0 0 0 0 0 0 1 0 0 0 0 0 0 0 0 0 0 0 0 0 0 0 0 0 0 0 0 0 0 0 0 0 0 0 
____4___4__Vatolkin__o_y___________________ ___Σ___Ξ___Σ_______________________________________________________________
Received 120 byte message from 111632803 to 1
22 0 0 0 53 0 0 0 53 0 0 77 117 122 97 108 101 118 0 0 0 111 0 121 0 0 0 0 0 0 0 0 0 0 0 0 0 4 0 2 234 0 0 0 63 1 0 0 60 1 0 0 252 0 0 0 18 1 0 0 3 0 0 0 0 0 0 0 0 0 0 0 0 0 0 0 0 0 0 0 0 0 0 0 0 0 0 0 0 0 0 0 1 0 0 0 0 0 0 0 0 0 0 0 0 0 0 0 0 0 0 0 0 0 0 0 1 0 0 0 
____5___5__Muzalev___o_y________________κ___?___<___ό___________________________________________________________________
Received 120 byte message from 111632803 to 1
22 0 0 0 54 0 0 0 54 0 0 80 101 114 99 104 101 110 107 111 118 0 0 121 0 0 0 0 0 0 0 0 0 0 0 0 0 71 2 0 168 0 0 0 28 1 0 0 218 0 0 0 253 0 0 0 253 0 0 0 2 0 0 0 0 0 0 0 0 0 0 0 0 0 0 0 0 0 0 0 0 0 0 0 0 0 0 0 0 0 0 0 1 0 0 0 0 0 0 0 0 0 0 0 0 0 0 0 0 0 0 0 0 0 0 0 6 0 0 0 
____6___6__Perchenkov__y_____________G__¨_______Ϊ___ύ___ύ_______________________________________________________________
Received 120 byte message from 111632803 to 1
22 0 0 0 55 0 0 0 55 0 0 77 97 107 115 117 110 111 118 0 118 0 0 121 0 0 0 0 0 0 0 0 0 0 0 0 0 8 1 1 168 0 0 0 46 1 0 0 32 1 0 0 230 0 0 0 235 0 0 0 2 0 0 0 0 0 0 0 0 0 0 0 0 0 0 0 0 0 0 0 0 0 0 0 0 0 0 0 0 0 0 0 1 0 0 0 0 0 0 0 0 0 0 0 0 0 0 0 0 0 0 0 0 0 0 0 4 0 0 0 
____7___7__Maksunov_v__y________________¨___.___ ___ζ___λ_______________________________________________________________
Received 120 byte message from 111632803 to 1
22 0 0 0 56 0 0 0 56 0 0 84 114 97 105 102 108 101 114 0 118 0 0 121 0 0 0 0 0 0 0 0 0 0 0 0 0 4 0 2 252 0 0 0 34 1 0 0 26 1 0 0 30 1 0 0 49 1 0 0 3 0 0 0 0 0 0 0 0 0 0 0 0 0 0 0 0 0 0 0 0 0 0 0 0 0 0 0 0 0 0 0 1 0 0 0 0 0 0 0 0 0 0 0 0 0 0 0 0 0 0 0 0 0 0 0 1 0 0 0 
____8___8__Traifler_v__y________________ό___"___________1_______________________________________________________________
Received 120 byte message from 111632803 to 1
22 0 0 0 57 0 0 0 57 0 0 84 101 108 110 105 104 0 114 0 118 0 0 121 0 0 0 0 0 0 0 0 0 0 0 0 0 4 1 1 162 0 0 0 49 1 0 0 225 0 0 0 220 0 0 0 225 0 0 0 2 0 0 0 0 0 0 0 0 0 0 0 0 0 0 0 0 0 0 0 0 0 0 0 0 0 0 0 0 0 0 0 1 0 0 0 0 0 0 0 0 0 0 0 0 0 0 0 0 0 0 0 0 0 0 0 8 0 0 0 
____9___9__Telnih_r_v__y________________ʼ___1___α___ά___α_______________________________________________________________
Received 120 byte message from 111632803 to 1
22 0 0 0 58 0 0 0 58 0 0 71 117 115 97 114 111 118 0 0 118 0 0 121 0 0 0 0 0 0 0 0 0 0 0 0 0 4 2 1 161 0 0 0 38 1 0 0 4 1 0 0 218 0 0 0 223 0 0 0 2 0 0 0 0 0 0 0 0 0 0 0 0 0 0 0 0 0 0 0 0 0 0 0 0 0 0 0 0 0 0 0 1 0 0 0 0 0 0 0 0 0 0 0 0 0 0 0 0 0 0 0 0 0 0 0 4 0 0 0 
____:___:__Gusarov__v__y________________ʽ___&_______Ϊ___ί_______________________________________________________________
Received 120 byte message from 111632803 to 1
22 0 0 0 59 0 0 0 59 0 0 84 114 105 102 111 110 111 118 0 118 0 0 121 0 0 0 0 0 0 0 0 0 0 0 0 0 4 3 1 181 0 0 0 21 1 0 0 244 0 0 0 250 0 0 0 255 0 0 0 2 0 0 0 0 0 0 0 0 0 0 0 0 0 0 0 0 0 0 0 0 0 0 0 0 0 0 0 0 0 0 0 1 0 0 0 0 0 0 0 0 0 0 0 0 0 0 0 0 0 0 0 0 0 0 0 6 0 0 0 
____;___;__Trifonov_v__y________________΅_______τ___ϊ__________________________________________________________________
Received 120 byte message from 111632803 to 1
22 0 0 0 60 0 0 0 60 0 0 67 104 101 114 107 97 115 111 118 0 0 0 121 0 0 0 0 0 0 0 0 0 0 0 0 0 13 0 2 245 0 0 0 16 1 0 0 37 1 0 0 17 1 0 0 38 1 0 0 3 0 0 0 0 0 0 0 0 0 0 0 0 0 0 0 0 0 0 0 0 0 0 0 0 0 0 0 0 0 0 0 1 0 0 0 0 0 0 0 0 0 0 0 0 0 0 0 0 0 0 0 0 0 0 0 1 0 0 0 
____<___<__Cherkasov___y________________υ_______%_______&_______________________________________________________________
Received 120 byte message from 111632803 to 1
22 0 0 0 61 0 0 0 61 0 0 77 97 116 114 111 115 111 118 0 0 0 0 121 0 0 0 0 0 0 0 0 0 0 0 0 0 4 1 1 178 0 0 0 42 1 0 0 231 0 0 0 246 0 0 0 251 0 0 0 2 0 0 0 0 0 0 0 0 0 0 0 0 0 0 0 0 0 0 0 0 0 0 0 0 0 0 0 0 0 0 0 1 0 0 0 0 0 0 0 0 0 0 0 0 0 0 0 0 0 0 0 0 0 0 0 6 0 0 0 
____=___=__Matrosov____y________________²___*___η___φ___ϋ_______________________________________________________________
Received 120 byte message from 111632803 to 1
22 0 0 0 62 0 0 0 62 0 0 77 107 114 116 105 99 104 101 118 0 0 0 121 0 0 0 0 0 0 0 0 0 0 0 0 0 4 2 1 174 0 0 0 249 0 0 0 5 1 0 0 240 0 0 0 245 0 0 0 2 0 0 0 0 0 0 0 0 0 0 0 0 0 0 0 0 0 0 0 0 0 0 0 0 0 0 0 0 0 0 0 1 0 0 0 0 0 0 0 0 0 0 0 0 0 0 0 0 0 0 0 0 0 0 0 8 0 0 0 
____>___>__Mkrtichev___y___________________ω_______π___υ_______________________________________________________________
Received 120 byte message from 111632803 to 1
22 0 0 0 63 0 0 0 63 0 0 69 115 105 101 118 0 104 101 118 0 0 0 121 0 0 0 0 0 0 0 0 0 0 0 0 0 70 3 0 144 0 0 0 29 1 0 0 249 0 0 0 217 0 0 0 217 0 0 0 2 0 0 0 0 0 0 0 0 0 0 0 0 0 0 0 0 0 0 0 0 0 0 0 0 0 0 0 0 0 0 0 1 0 0 0 0 0 0 0 0 0 0 0 0 0 0 0 0 0 0 0 0 0 0 0 9 0 0 0 
____?___?__Esiev_hev___y_____________F_________ω___Ω___Ω_______________________________________________________________
Received 52 byte message from 111632803 to 1
23 0 0 0 0 0 0 0 0 0 52 53 109 109 32 80 114 111 116 105 118 46 32 79 114 117 100 105 101 32 111 98 114 46 51 50 47 51 56 0 68 0 0 0 0 0 0 0 0 231 9 0 
__________45mm Protiv. Orudie obr.32/38_D________η__
Received 84 byte message from 111632803 to 1
24 0 0 0 0 0 0 0 0 0 0 71 114 111 117 112 32 76 101 97 100 101 114 0 255 255 255 255 0 0 0 0 157 14 73 0 79 0 0 0 1 0 2 0 255 255 255 255 255 255 255 255 255 255 255 255 255 255 255 105 34 1 0 0 11 1 0 0 8 0 111 98 34 1 0 0 0 51 0 0 0 0 0 0 
___________Group Leader______I_O_______i"_________ob"____3______
Received 84 byte message from 111632803 to 1
24 0 0 0 1 0 0 0 1 0 0 76 77 71 32 73 110 102 97 110 116 114 121 0 255 255 255 255 0 0 0 0 157 14 73 0 22 0 3 0 4 0 9 0 10 0 7 0 8 0 5 0 6 0 11 0 12 0 255 105 222 0 0 0 215 0 0 0 11 0 111 98 222 0 0 0 0 51 0 0 0 0 0 0 
___________LMG Infantry______I_______________________iή___Χ_____obή____3______
Received 84 byte message from 111632803 to 1
24 0 0 0 2 0 0 0 2 0 0 76 77 71 32 73 110 102 97 110 116 114 121 0 255 255 255 255 0 0 0 0 157 14 73 0 22 0 13 0 14 0 15 0 16 0 18 0 20 0 22 0 17 0 21 0 19 0 255 105 226 0 0 0 217 0 0 0 11 0 111 98 226 0 0 0 0 51 0 0 0 0 0 0 
___________LMG Infantry______I_______________________iβ___Ω_____obβ____3______
Received 84 byte message from 111632803 to 1
24 0 0 0 3 0 0 0 3 0 0 76 105 103 104 116 32 73 110 102 97 110 116 114 121 0 255 255 0 0 0 0 157 14 73 0 7 0 23 0 24 0 26 0 31 0 27 0 28 0 29 0 30 0 25 0 32 0 255 105 215 0 0 0 208 0 0 0 9 0 111 98 215 0 0 0 0 51 0 0 0 0 0 0 
___________Light Infantry______I_____________________ _iΧ___Π_____obΧ____3______
Received 84 byte message from 111632803 to 1
24 0 0 0 4 0 0 0 4 0 0 76 105 103 104 116 32 73 110 102 97 110 116 114 121 0 255 255 0 0 0 0 157 14 73 0 7 0 33 0 34 0 35 0 36 0 37 0 41 0 39 0 40 0 38 0 42 0 255 105 212 0 0 0 203 0 0 0 9 0 111 98 212 0 0 0 0 51 0 0 0 0 0 0 
___________Light Infantry______I___!_"_#_$_%_)_'_(_&_*_iΤ___Λ_____obΤ____3______
Received 84 byte message from 111632803 to 1
24 0 0 0 5 0 0 0 5 0 0 76 105 103 104 116 32 73 110 102 97 110 116 114 121 0 255 255 0 0 0 0 157 14 73 0 7 0 43 0 44 0 47 0 48 0 49 0 50 0 51 0 52 0 45 0 46 0 255 105 222 0 0 0 213 0 0 0 9 0 111 98 222 0 0 0 0 51 0 0 0 0 0 0 
___________Light Infantry______I___+_,_/_0_1_2_3_4_-_._iή___Υ_____obή____3______
Received 84 byte message from 111632803 to 1
24 0 0 0 6 0 0 0 6 0 0 77 77 71 32 84 101 97 109 0 97 110 116 114 121 0 255 255 0 0 0 0 157 14 73 0 4 0 53 0 55 0 54 0 255 255 255 255 255 255 255 255 255 255 255 255 255 255 255 105 254 0 0 0 245 0 0 0 7 0 111 98 254 0 0 0 0 51 0 0 0 0 0 0 
___________MMG Team_antry______I___5_7_6_iώ___υ_____obώ____3______
Received 84 byte message from 111632803 to 1
24 0 0 0 7 0 0 0 7 0 0 52 53 109 109 32 65 84 32 71 117 110 0 114 121 0 255 255 0 0 0 0 157 14 73 0 33 0 56 0 57 0 58 0 59 0 255 255 255 255 255 255 255 255 255 255 255 255 0 105 252 0 0 0 243 0 0 0 17 0 111 98 252 0 0 0 0 51 0 0 0 0 0 0 
___________45mm AT Gun_ry______I_!_8_9_:_;__iό___σ_____obό____3______
Received 84 byte message from 111632803 to 1
24 0 0 0 8 0 0 0 8 0 0 56 50 109 109 32 77 111 114 116 97 114 0 114 121 0 255 255 0 0 0 0 157 14 73 0 6 0 60 0 61 0 62 0 63 0 255 255 255 255 255 255 255 255 255 255 255 255 255 105 251 0 0 0 244 0 0 0 10 0 111 98 251 0 0 0 0 51 0 0 0 0 0 0 
___________82mm Mortar_ry______I___<_=_>_?_iϋ___τ_____obϋ____3______
Received 8 byte message from 111632803 to 1
17 0 0 0 12 0 73 0 
______I_
