Running bot as fake server
Sys message "DPSYS_CREATEPLAYERORGROUP" to player 1
Received 16 byte message from 1 to 223357008
20 0 0 0 6 0 0 0 4 0 0 0 1 0 0 0 
________________
Received 60 byte message from 1 to 223357008
16 0 0 0 67 79 73 51 46 54 32 50 48 49 49 48 49 50 52 48 49 0 64 0 0 0 0 0 216 17 0 0 190 0 119 136 203 15 12 0 243 223 2 0 25 240 11 0 182 168 14 0 71 199 57 0 79 170 48 0 
____COI3.6 2011012401_@_____Ψ___Ύ_wΛ___σί___π__¶¨__GΗ9_O0_
Received 8 byte message from 1 to 223357008
3 0 0 0 0 4 0 0 
________
Switching game state from Waiting to Requisition
Received 8 byte message from 1 to 223357008
17 0 0 0 14 0 73 0 
______I_
Received 4 byte message from 1 to 223357008
9 0 0 0 
____
Switching game state from Requisition to Deployment
Received 512 byte message from 1 to 223357008
18 0 0 0 0 0 0 0 0 0 0 0 0 0 0 0 0 0 0 0 0 0 0 0 0 0 0 0 0 0 0 0 0 0 0 0 0 0 0 0 0 0 0 0 0 0 0 0 0 0 0 0 0 0 0 0 0 0 0 0 0 0 0 0 0 0 0 0 0 0 0 0 0 0 0 0 0 0 0 0 0 0 0 0 0 0 0 0 0 0 0 0 0 0 0 0 0 0 0 0 0 0 0 0 0 0 0 0 0 0 0 0 0 0 0 0 0 0 0 0 0 0 0 0 0 0 0 0 0 0 0 0 0 0 0 0 0 0 0 0 0 0 0 0 0 0 0 0 0 0 0 0 0 0 0 0 0 0 0 0 0 0 0 0 0 0 0 0 0 0 0 0 0 0 0 0 0 0 0 0 0 0 0 0 0 0 0 0 0 0 0 0 0 0 0 0 0 0 0 0 0 0 0 0 0 0 0 0 0 0 0 0 0 0 0 0 0 0 0 0 0 0 0 0 0 0 0 0 0 0 0 0 0 0 0 0 0 0 0 0 0 0 0 0 0 0 0 0 0 0 0 0 0 0 0 0 0 0 0 0 0 0 0 0 0 0 0 0 0 0 0 0 0 0 0 0 0 0 0 0 0 0 0 0 0 0 0 0 0 0 0 0 0 0 0 0 0 0 0 0 0 0 0 0 0 0 0 0 0 0 0 0 0 0 0 0 0 0 0 0 0 0 0 0 1 0 0 0 0 0 0 0 0 0 0 0 0 0 0 0 0 0 0 0 0 0 0 0 0 0 0 0 0 0 0 0 0 0 0 0 0 0 0 0 0 0 0 0 0 0 0 0 0 0 0 0 0 0 0 0 0 0 0 0 0 0 0 0 0 0 0 0 0 0 0 0 0 0 0 0 0 0 0 0 0 0 0 0 0 0 0 0 0 0 0 0 0 0 0 0 0 0 0 0 0 0 0 0 0 0 0 0 0 0 0 0 0 0 0 0 0 0 0 0 0 0 0 0 0 0 0 0 0 0 0 0 0 0 0 0 0 0 0 0 0 0 0 0 0 0 0 0 0 0 0 0 0 0 0 0 0 0 0 0 0 0 0 0 0 0 0 0 0 0 0 0 0 0 0 0 0 0 0 0 3 0 65 0 1 231 10 0 
__________________________________________________________________________________________________________________________________________________________________________________________________________________________________________________________________________________________________________________________________________________________________________________________________________________________________________________________________________________________________________________________A__η__
Received 120 byte message from 1 to 223357008
22 0 0 0 0 0 0 0 0 0 0 80 101 116 116 101 114 0 0 0 0 0 0 0 0 0 0 0 0 0 0 0 0 0 0 0 0 2 0 4 97 1 0 0 21 1 0 0 81 1 0 0 39 1 0 0 89 1 0 0 4 0 0 0 0 0 0 0 0 0 0 0 0 0 0 0 0 0 0 0 0 0 0 0 0 0 0 0 0 0 0 0 1 0 0 0 0 0 0 0 0 0 0 0 0 0 0 0 0 0 0 0 0 0 0 0 3 0 0 0 
___________Petter_______________________a_______Q___'___Y_______________________________________________________________
Received 120 byte message from 1 to 223357008
22 0 0 0 1 0 0 0 1 0 0 79 98 117 104 111 118 0 0 0 0 0 0 0 0 0 0 0 0 0 0 0 0 0 0 0 0 2 1 2 253 0 0 0 248 0 0 0 7 1 0 0 32 1 0 0 51 1 0 0 3 0 0 0 0 0 0 0 0 0 0 0 0 0 0 0 0 0 0 0 0 0 0 0 0 0 0 0 0 0 0 0 1 0 0 0 0 0 0 0 0 0 0 0 0 0 0 0 0 0 0 0 0 0 0 0 1 0 0 0 
___________Obuhov_______________________ύ___ψ_______ ___3_______________________________________________________________
Received 120 byte message from 1 to 223357008
22 0 0 0 2 0 0 0 2 0 0 66 97 108 97 115 104 111 118 0 0 0 0 0 0 0 0 0 0 0 0 0 0 0 0 0 0 1 2 0 150 0 0 0 7 1 0 0 10 1 0 0 226 0 0 0 226 0 0 0 0 0 0 0 0 0 0 0 0 0 0 0 0 0 0 0 0 0 0 0 0 0 0 0 0 0 0 0 0 0 0 0 1 0 0 0 0 0 0 0 0 0 0 0 0 0 0 0 0 0 0 0 0 0 0 0 0 0 0 0 
___________Balashov_____________________–___________β___β_______________________________________________________________
Received 120 byte message from 1 to 223357008
22 0 0 0 3 0 0 0 3 0 0 67 104 101 114 101 110 116 115 101 118 0 0 0 0 0 0 0 0 0 0 0 0 0 0 0 0 2 0 3 21 1 0 0 13 1 0 0 245 0 0 0 236 0 0 0 23 1 0 0 1 0 0 0 0 0 0 0 0 0 0 0 0 0 0 0 0 0 0 0 0 0 0 0 0 0 0 0 0 0 0 0 1 0 0 0 0 0 0 0 0 0 0 0 0 0 0 0 0 0 0 0 0 0 0 0 2 0 0 0 
___________Cherentsev___________________________υ___μ___________________________________________________________________
Received 120 byte message from 1 to 223357008
22 0 0 0 4 0 0 0 4 0 0 75 117 100 114 105 110 0 115 101 118 0 0 0 0 0 0 0 0 0 0 0 0 0 0 0 0 2 1 2 211 0 0 0 244 0 0 0 15 1 0 0 208 0 0 0 234 0 0 0 3 0 0 0 0 0 0 0 0 0 0 0 0 0 0 0 0 0 0 0 0 0 0 0 0 0 0 0 0 0 0 0 1 0 0 0 0 0 0 0 0 0 0 0 0 0 0 0 0 0 0 0 0 0 0 0 1 0 0 0 
___________Kudrin_sev___________________Σ___τ_______Π___κ_______________________________________________________________
Received 120 byte message from 1 to 223357008
22 0 0 0 5 0 0 0 5 0 0 83 116 97 114 111 115 116 105 110 0 0 0 0 0 0 0 0 0 0 0 0 0 0 0 0 0 1 6 0 152 0 0 0 56 1 0 0 255 0 0 0 228 0 0 0 228 0 0 0 2 0 0 0 0 0 0 0 0 0 0 0 0 0 0 0 0 0 0 0 0 0 0 0 0 0 0 0 0 0 0 0 1 0 0 0 0 0 0 0 0 0 0 0 0 0 0 0 0 0 0 0 0 0 0 0 0 0 0 0 
___________Starostin_______________________8______δ___δ_______________________________________________________________
Received 120 byte message from 1 to 223357008
22 0 0 0 6 0 0 0 6 0 0 86 111 115 107 114 101 115 101 110 115 107 105 121 0 0 0 0 0 0 0 0 0 0 0 0 0 3 2 1 151 0 0 0 245 0 0 0 19 1 0 0 203 0 0 0 209 0 0 0 2 0 0 0 0 0 0 0 0 0 0 0 0 0 0 0 0 0 0 0 0 0 0 0 0 0 0 0 0 0 0 0 1 0 0 0 0 0 0 0 0 0 0 0 0 0 0 0 0 0 0 0 0 0 0 0 4 0 0 0 
___________Voskresenskiy________________—___υ_______Λ___Ρ_______________________________________________________________
Received 120 byte message from 1 to 223357008
22 0 0 0 7 0 0 0 7 0 0 75 114 97 118 99 104 101 110 107 111 0 105 121 0 0 0 0 0 0 0 0 0 0 0 0 0 1 3 1 143 0 0 0 0 1 0 0 251 0 0 0 191 0 0 0 197 0 0 0 0 0 0 0 0 0 0 0 0 0 0 0 0 0 0 0 0 0 0 0 0 0 0 0 0 0 0 0 0 0 0 0 1 0 0 0 0 0 0 0 0 0 0 0 0 0 0 0 0 0 0 0 0 0 0 0 6 0 0 0 
___________Kravchenko_iy_______________________ϋ___Ώ___Ε_______________________________________________________________
Received 120 byte message from 1 to 223357008
22 0 0 0 8 0 0 0 8 0 0 75 111 108 111 115 111 118 0 107 111 0 105 121 0 0 0 0 0 0 0 0 0 0 0 0 0 1 4 1 155 0 0 0 40 1 0 0 202 0 0 0 210 0 0 0 215 0 0 0 0 0 0 0 0 0 0 0 0 0 0 0 0 0 0 0 0 0 0 0 0 0 0 0 0 0 0 0 0 0 0 0 1 0 0 0 0 0 0 0 0 0 0 0 0 0 0 0 0 0 0 0 0 0 0 0 0 0 0 0 
___________Kolosov_ko_iy________________›___(___Κ______Χ_______________________________________________________________
Received 120 byte message from 1 to 223357008
22 0 0 0 9 0 0 0 9 0 0 68 101 100 101 110 99 104 117 107 0 0 105 121 0 0 0 0 0 0 0 0 0 0 0 0 0 59 5 1 143 0 0 0 6 1 0 0 255 0 0 0 191 0 0 0 197 0 0 0 0 0 0 0 0 0 0 0 0 0 0 0 0 0 0 0 0 0 0 0 0 0 0 0 0 0 0 0 0 0 0 0 1 0 0 0 0 0 0 0 0 0 0 0 0 0 0 0 0 0 0 0 0 0 0 0 0 0 0 0 
___________Dedenchuk__iy_____________;____________Ώ___Ε_______________________________________________________________
Received 120 byte message from 1 to 223357008
22 0 0 0 10 0 0 0 10 0 0 86 97 100 97 115 0 104 117 107 0 0 105 121 0 0 0 0 0 0 0 0 0 0 0 0 0 1 7 0 144 0 0 0 28 1 0 0 197 0 0 0 217 0 0 0 217 0 0 0 0 0 0 0 0 0 0 0 0 0 0 0 0 0 0 0 0 0 0 0 0 0 0 0 0 0 0 0 0 0 0 0 1 0 0 0 0 0 0 0 0 0 0 0 0 0 0 0 0 0 0 0 0 0 0 0 0 0 0 0 
___________Vadas_huk__iy_______________________Ε___Ω___Ω_______________________________________________________________
Received 120 byte message from 1 to 223357008
22 0 0 0 11 0 0 0 11 0 0 65 110 116 111 110 111 118 0 107 0 0 105 121 0 0 0 0 0 0 0 0 0 0 0 0 0 1 8 0 119 0 0 0 224 0 0 0 214 0 0 0 179 0 0 0 179 0 0 0 0 0 0 0 0 0 0 0 0 0 0 0 0 0 0 0 0 0 0 0 0 0 0 0 0 0 0 0 0 0 0 0 1 0 0 0 0 0 0 0 0 0 0 0 0 0 0 0 0 0 0 0 0 0 0 0 0 0 0 0 
___________Antonov_k__iy________________w___ΰ___Φ___³___³_______________________________________________________________
Received 120 byte message from 1 to 223357008
22 0 0 0 12 0 0 0 12 0 0 78 97 117 109 111 118 0 0 107 0 0 105 121 0 0 0 0 0 0 0 0 0 0 0 0 0 38 9 0 122 0 0 0 32 1 0 0 190 0 0 0 183 0 0 0 183 0 0 0 0 0 0 0 0 0 0 0 0 0 0 0 0 0 0 0 0 0 0 0 0 0 0 0 0 0 0 0 0 0 0 0 1 0 0 0 0 0 0 0 0 0 0 0 0 0 0 0 0 0 0 0 0 0 0 0 0 0 0 0 
___________Naumov__k__iy_____________&__z___ ___Ύ___·___·_______________________________________________________________
Received 120 byte message from 1 to 223357008
22 0 0 0 13 0 0 0 13 0 0 67 104 101 114 110 111 117 115 111 118 0 105 121 0 0 0 0 0 0 0 0 0 0 0 0 0 2 0 3 28 1 0 0 224 0 0 0 38 1 0 0 252 0 0 0 36 1 0 0 1 0 0 0 0 0 0 0 0 0 0 0 0 0 0 0 0 0 0 0 0 0 0 0 0 0 0 0 0 0 0 0 1 0 0 0 0 0 0 0 0 0 0 0 0 0 0 0 0 0 0 0 0 0 0 0 2 0 0 0 
___________Chernousov_iy____________________ΰ___&___ό___$_______________________________________________________________
Received 120 byte message from 1 to 223357008
22 0 0 0 14 0 0 0 14 0 0 77 97 116 114 111 115 111 118 0 118 0 105 121 0 0 0 0 0 0 0 0 0 0 0 0 0 2 1 2 228 0 0 0 55 1 0 0 215 0 0 0 241 0 0 0 8 1 0 0 3 0 0 0 0 0 0 0 0 0 0 0 0 0 0 0 0 0 0 0 0 0 0 0 0 0 0 0 0 0 0 0 1 0 0 0 0 0 0 0 0 0 0 0 0 0 0 0 0 0 0 0 0 0 0 0 1 0 0 0 
___________Matrosov_v_iy________________δ___7___Χ___ρ___________________________________________________________________
Received 120 byte message from 1 to 223357008
22 0 0 0 15 0 0 0 15 0 0 75 111 108 121 97 100 101 110 107 111 0 105 121 0 0 0 0 0 0 0 0 0 0 0 0 0 1 7 0 154 0 0 0 28 1 0 0 244 0 0 0 231 0 0 0 231 0 0 0 2 0 0 0 0 0 0 0 0 0 0 0 0 0 0 0 0 0 0 0 0 0 0 0 0 0 0 0 0 0 0 0 1 0 0 0 0 0 0 0 0 0 0 0 0 0 0 0 0 0 0 0 0 0 0 0 0 0 0 0 
___________Kolyadenko_iy_______________________τ___η___η_______________________________________________________________
Received 120 byte message from 1 to 223357008
22 0 0 0 16 0 0 0 16 0 0 89 101 109 101 108 121 97 110 111 118 0 105 121 0 0 0 0 0 0 0 0 0 0 0 0 0 1 8 0 124 0 0 0 20 1 0 0 193 0 0 0 187 0 0 0 187 0 0 0 2 0 0 0 0 0 0 0 0 0 0 0 0 0 0 0 0 0 0 0 0 0 0 0 0 0 0 0 0 0 0 0 1 0 0 0 0 0 0 0 0 0 0 0 0 0 0 0 0 0 0 0 0 0 0 0 0 0 0 0 
___________Yemelyanov_iy________________|_______Α___»___»_______________________________________________________________
Received 120 byte message from 1 to 223357008
22 0 0 0 17 0 0 0 17 0 0 89 97 109 107 97 99 104 0 111 118 0 105 121 0 0 0 0 0 0 0 0 0 0 0 0 0 3 2 1 162 0 0 0 9 1 0 0 203 0 0 0 220 0 0 0 225 0 0 0 0 0 0 0 0 0 0 0 0 0 0 0 0 0 0 0 0 0 0 0 0 0 0 0 0 0 0 0 0 0 0 0 1 0 0 0 0 0 0 0 0 0 0 0 0 0 0 0 0 0 0 0 0 0 0 0 4 0 0 0 
___________Yamkach_ov_iy________________Ά_______Λ___ά___α_______________________________________________________________
Received 120 byte message from 1 to 223357008
22 0 0 0 18 0 0 0 18 0 0 66 97 107 108 97 110 111 118 0 118 0 105 121 0 0 0 0 0 0 0 0 0 0 0 0 0 1 3 1 145 0 0 0 242 0 0 0 3 1 0 0 194 0 0 0 200 0 0 0 0 0 0 0 0 0 0 0 0 0 0 0 0 0 0 0 0 0 0 0 0 0 0 0 0 0 0 0 0 0 0 0 1 0 0 0 0 0 0 0 0 0 0 0 0 0 0 0 0 0 0 0 0 0 0 0 6 0 0 0 
___________Baklanov_v_iy________________‘___ς_______Β___Θ_______________________________________________________________
Received 120 byte message from 1 to 223357008
22 0 0 0 19 0 0 0 19 0 0 66 97 108 100 105 110 0 118 0 118 0 105 121 0 0 0 0 0 0 0 0 0 0 0 0 0 1 6 0 122 0 0 0 54 1 0 0 215 0 0 0 184 0 0 0 184 0 0 0 0 0 0 0 0 0 0 0 0 0 0 0 0 0 0 0 0 0 0 0 0 0 0 0 0 0 0 0 0 0 0 0 1 0 0 0 0 0 0 0 0 0 0 0 0 0 0 0 0 0 0 0 0 0 0 0 0 0 0 0 
___________Baldin_v_v_iy________________z___6___Χ___Έ___Έ_______________________________________________________________
Received 120 byte message from 1 to 223357008
22 0 0 0 20 0 0 0 20 0 0 71 97 118 114 105 117 116 105 110 0 0 105 121 0 0 0 0 0 0 0 0 0 0 0 0 0 1 4 1 155 0 0 0 2 1 0 0 235 0 0 0 210 0 0 0 215 0 0 0 0 0 0 0 0 0 0 0 0 0 0 0 0 0 0 0 0 0 0 0 0 0 0 0 0 0 0 0 0 0 0 0 1 0 0 0 0 0 0 0 0 0 0 0 0 0 0 0 0 0 0 0 0 0 0 0 0 0 0 0 
___________Gavriutin__iy________________›_______λ______Χ_______________________________________________________________
Received 120 byte message from 1 to 223357008
22 0 0 0 21 0 0 0 21 0 0 66 97 98 97 100 122 104 97 110 105 97 110 0 0 0 0 0 0 0 0 0 0 0 0 0 0 59 5 1 143 0 0 0 34 1 0 0 9 1 0 0 190 0 0 0 196 0 0 0 0 0 0 0 0 0 0 0 0 0 0 0 0 0 0 0 0 0 0 0 0 0 0 0 0 0 0 0 0 0 0 0 1 0 0 0 0 0 0 0 0 0 0 0 0 0 0 0 0 0 0 0 0 0 0 0 0 0 0 0 
___________Babadzhanian______________;_____"_______Ύ___Δ_______________________________________________________________
Received 120 byte message from 1 to 223357008
22 0 0 0 22 0 0 0 22 0 0 75 104 111 108 107 105 110 0 110 105 97 110 0 0 0 0 0 0 0 0 0 0 0 0 0 0 38 9 0 130 0 0 0 233 0 0 0 222 0 0 0 196 0 0 0 196 0 0 0 0 0 0 0 0 0 0 0 0 0 0 0 0 0 0 0 0 0 0 0 0 0 0 0 0 0 0 0 0 0 0 0 1 0 0 0 0 0 0 0 0 0 0 0 0 0 0 0 0 0 0 0 0 0 0 0 0 0 0 0 
___________Kholkin_nian______________&__‚___ι___ή___Δ___Δ_______________________________________________________________
Received 120 byte message from 1 to 223357008
22 0 0 0 23 0 0 0 23 0 0 83 108 111 110 101 116 115 107 105 121 0 110 0 0 0 0 0 0 0 0 0 0 0 0 0 0 2 0 3 25 1 0 0 227 0 0 0 48 1 0 0 244 0 0 0 29 1 0 0 1 0 0 0 0 0 0 0 0 0 0 0 0 0 0 0 0 0 0 0 0 0 0 0 0 0 0 0 0 0 0 0 1 0 0 0 0 0 0 0 0 0 0 0 0 0 0 0 0 0 0 0 0 0 0 0 2 0 0 0 
___________Slonetskiy_n_____________________γ___0___τ___________________________________________________________________
Received 120 byte message from 1 to 223357008
22 0 0 0 24 0 0 0 24 0 0 66 114 97 103 105 110 0 107 105 121 0 110 0 0 0 0 0 0 0 0 0 0 0 0 0 0 59 1 2 226 0 0 0 239 0 0 0 244 0 0 0 237 0 0 0 5 1 0 0 3 0 0 0 0 0 0 0 0 0 0 0 0 0 0 0 0 0 0 0 0 0 0 0 0 0 0 0 0 0 0 0 1 0 0 0 0 0 0 0 0 0 0 0 0 0 0 0 0 0 0 0 0 0 0 0 1 0 0 0 
___________Bragin_kiy_n______________;__β___ο___τ___ν___________________________________________________________________
Received 120 byte message from 1 to 223357008
22 0 0 0 25 0 0 0 25 0 0 83 97 102 111 110 111 118 0 105 121 0 110 0 0 0 0 0 0 0 0 0 0 0 0 0 0 16 2 1 153 0 0 0 53 1 0 0 232 0 0 0 207 0 0 0 212 0 0 0 0 0 0 0 0 0 0 0 0 0 0 0 0 0 0 0 0 0 0 0 0 0 0 0 0 0 0 0 0 0 0 0 1 0 0 0 0 0 0 0 0 0 0 0 0 0 0 0 0 0 0 0 0 0 0 0 0 0 0 0 
___________Safonov_iy_n_________________™___5___θ___Ο___Τ_______________________________________________________________
Received 120 byte message from 1 to 223357008
22 0 0 0 26 0 0 0 26 0 0 70 101 100 111 115 101 121 101 118 0 0 110 0 0 0 0 0 0 0 0 0 0 0 0 0 0 1 9 0 123 0 0 0 2 1 0 0 220 0 0 0 185 0 0 0 185 0 0 0 0 0 0 0 0 0 0 0 0 0 0 0 0 0 0 0 0 0 0 0 0 0 0 0 0 0 0 0 0 0 0 0 1 0 0 0 0 0 0 0 0 0 0 0 0 0 0 0 0 0 0 0 0 0 0 0 0 0 0 0 
___________Fedoseyev__n_________________{_______ά___Ή___Ή_______________________________________________________________
Received 120 byte message from 1 to 223357008
22 0 0 0 27 0 0 0 27 0 0 80 101 116 114 101 110 107 111 0 0 0 110 0 0 0 0 0 0 0 0 0 0 0 0 0 0 16 3 1 145 0 0 0 4 1 0 0 17 1 0 0 194 0 0 0 200 0 0 0 0 0 0 0 0 0 0 0 0 0 0 0 0 0 0 0 0 0 0 0 0 0 0 0 0 0 0 0 0 0 0 0 1 0 0 0 0 0 0 0 0 0 0 0 0 0 0 0 0 0 0 0 0 0 0 0 0 0 0 0 
___________Petrenko___n_________________‘___________Β___Θ_______________________________________________________________
Received 120 byte message from 1 to 223357008
22 0 0 0 28 0 0 0 28 0 0 85 102 97 121 101 118 0 111 0 0 0 110 0 0 0 0 0 0 0 0 0 0 0 0 0 0 1 7 0 136 0 0 0 0 1 0 0 15 1 0 0 204 0 0 0 204 0 0 0 0 0 0 0 0 0 0 0 0 0 0 0 0 0 0 0 0 0 0 0 0 0 0 0 0 0 0 0 0 0 0 0 1 0 0 0 0 0 0 0 0 0 0 0 0 0 0 0 0 0 0 0 0 0 0 0 0 0 0 0 
___________Ufayev_o___n____________________________Μ___Μ_______________________________________________________________
Received 120 byte message from 1 to 223357008
22 0 0 0 29 0 0 0 29 0 0 83 104 117 118 97 108 111 118 0 0 0 110 0 0 0 0 0 0 0 0 0 0 0 0 0 0 16 4 1 150 0 0 0 53 1 0 0 13 1 0 0 202 0 0 0 208 0 0 0 0 0 0 0 0 0 0 0 0 0 0 0 0 0 0 0 0 0 0 0 0 0 0 0 0 0 0 0 0 0 0 0 1 0 0 0 0 0 0 0 0 0 0 0 0 0 0 0 0 0 0 0 0 0 0 0 0 0 0 0 
___________Shuvalov___n_________________–___5_______Κ___Π_______________________________________________________________
Received 120 byte message from 1 to 223357008
22 0 0 0 30 0 0 0 30 0 0 83 111 107 111 108 111 118 0 0 0 0 110 0 0 0 0 0 0 0 0 0 0 0 0 0 0 16 5 1 143 0 0 0 24 1 0 0 191 0 0 0 191 0 0 0 197 0 0 0 0 0 0 0 0 0 0 0 0 0 0 0 0 0 0 0 0 0 0 0 0 0 0 0 0 0 0 0 0 0 0 0 1 0 0 0 0 0 0 0 0 0 0 0 0 0 0 0 0 0 0 0 0 0 0 0 0 0 0 0 
___________Sokolov____n________________________Ώ___Ώ___Ε_______________________________________________________________
Received 120 byte message from 1 to 223357008
22 0 0 0 31 0 0 0 31 0 0 83 105 109 111 110 111 118 0 0 0 0 110 0 0 0 0 0 0 0 0 0 0 0 0 0 0 1 8 0 128 0 0 0 44 1 0 0 200 0 0 0 193 0 0 0 193 0 0 0 0 0 0 0 0 0 0 0 0 0 0 0 0 0 0 0 0 0 0 0 0 0 0 0 0 0 0 0 0 0 0 0 1 0 0 0 0 0 0 0 0 0 0 0 0 0 0 0 0 0 0 0 0 0 0 0 0 0 0 0 
___________Simonov____n_________________€___,___Θ___Α___Α_______________________________________________________________
Received 120 byte message from 1 to 223357008
22 0 0 0 32 0 0 0 32 0 0 77 97 114 107 111 118 0 0 0 0 0 110 0 0 0 0 0 0 0 0 0 0 0 0 0 0 1 6 1 165 0 0 0 18 1 0 0 195 0 0 0 225 0 0 0 230 0 0 0 0 0 0 0 0 0 0 0 0 0 0 0 0 0 0 0 0 0 0 0 0 0 0 0 0 0 0 0 0 0 0 0 1 0 0 0 0 0 0 0 0 0 0 0 0 0 0 0 0 0 0 0 0 0 0 0 0 0 0 0 
____ ___ __Markov_____n_________________¥_______Γ___α___ζ_______________________________________________________________
Received 120 byte message from 1 to 223357008
22 0 0 0 33 0 0 0 33 0 0 70 101 100 111 115 101 121 101 118 0 0 110 0 0 0 0 0 0 0 0 0 0 0 0 0 0 2 0 3 33 1 0 0 52 1 0 0 43 1 0 0 9 1 0 0 47 1 0 0 1 0 0 0 0 0 0 0 0 0 0 0 0 0 0 0 0 0 0 0 0 0 0 0 0 0 0 0 0 0 0 0 1 0 0 0 0 0 0 0 0 0 0 0 0 0 0 0 0 0 0 0 0 0 0 0 2 0 0 0 
____!___!__Fedoseyev__n_________________!___4___+_______/_______________________________________________________________
Received 120 byte message from 1 to 223357008
22 0 0 0 34 0 0 0 34 0 0 66 97 115 97 108 105 110 0 118 0 0 110 0 0 0 0 0 0 0 0 0 0 0 0 0 0 59 1 2 213 0 0 0 28 1 0 0 232 0 0 0 212 0 0 0 238 0 0 0 3 0 0 0 0 0 0 0 0 0 0 0 0 0 0 0 0 0 0 0 0 0 0 0 0 0 0 0 0 0 0 0 1 0 0 0 0 0 0 0 0 0 0 0 0 0 0 0 0 0 0 0 0 0 0 0 1 0 0 0 
____"___"__Basalin_v__n______________;__Υ_______θ___Τ___ξ_______________________________________________________________
Received 120 byte message from 1 to 223357008
22 0 0 0 35 0 0 0 35 0 0 80 111 98 101 108 105 97 110 115 107 105 121 0 0 0 0 0 0 0 0 0 0 0 0 0 0 16 2 1 165 0 0 0 241 0 0 0 238 0 0 0 225 0 0 0 230 0 0 0 0 0 0 0 0 0 0 0 0 0 0 0 0 0 0 0 0 0 0 0 0 0 0 0 0 0 0 0 0 0 0 0 1 0 0 0 0 0 0 0 0 0 0 0 0 0 0 0 0 0 0 0 0 0 0 0 0 0 0 0 
____#___#__Pobelianskiy_________________¥___ρ___ξ___α___ζ_______________________________________________________________
Received 120 byte message from 1 to 223357008
22 0 0 0 36 0 0 0 36 0 0 75 111 110 115 116 97 110 116 105 110 111 118 0 0 0 0 0 0 0 0 0 0 0 0 0 0 16 3 1 165 0 0 0 231 0 0 0 235 0 0 0 225 0 0 0 230 0 0 0 0 0 0 0 0 0 0 0 0 0 0 0 0 0 0 0 0 0 0 0 0 0 0 0 0 0 0 0 0 0 0 0 1 0 0 0 0 0 0 0 0 0 0 0 0 0 0 0 0 0 0 0 0 0 0 0 0 0 0 0 
____$___$__Konstantinov_________________¥___η___λ___α___ζ_______________________________________________________________
Received 120 byte message from 1 to 223357008
22 0 0 0 37 0 0 0 37 0 0 80 101 116 114 111 99 104 101 110 107 111 0 0 0 0 0 0 0 0 0 0 0 0 0 0 0 16 4 1 145 0 0 0 40 1 0 0 202 0 0 0 194 0 0 0 200 0 0 0 0 0 0 0 0 0 0 0 0 0 0 0 0 0 0 0 0 0 0 0 0 0 0 0 0 0 0 0 0 0 0 0 1 0 0 0 0 0 0 0 0 0 0 0 0 0 0 0 0 0 0 0 0 0 0 0 0 0 0 0 
____%___%__Petrochenko__________________‘___(___Κ___Β___Θ_______________________________________________________________
Received 120 byte message from 1 to 223357008
22 0 0 0 38 0 0 0 38 0 0 89 97 115 101 110 101 118 0 110 107 111 0 0 0 0 0 0 0 0 0 0 0 0 0 0 0 16 5 1 146 0 0 0 10 1 0 0 11 1 0 0 195 0 0 0 201 0 0 0 0 0 0 0 0 0 0 0 0 0 0 0 0 0 0 0 0 0 0 0 0 0 0 0 0 0 0 0 0 0 0 0 1 0 0 0 0 0 0 0 0 0 0 0 0 0 0 0 0 0 0 0 0 0 0 0 0 0 0 0 
____&___&__Yasenev_nko__________________’___________Γ___Ι_______________________________________________________________
Received 120 byte message from 1 to 223357008
22 0 0 0 39 0 0 0 39 0 0 90 104 97 118 111 114 111 110 107 111 118 0 0 0 0 0 0 0 0 0 0 0 0 0 0 0 1 6 1 142 0 0 0 20 1 0 0 240 0 0 0 188 0 0 0 194 0 0 0 0 0 0 0 0 0 0 0 0 0 0 0 0 0 0 0 0 0 0 0 0 0 0 0 0 0 0 0 0 0 0 0 1 0 0 0 0 0 0 0 0 0 0 0 0 0 0 0 0 0 0 0 0 0 0 0 0 0 0 0 
____'___'__Zhavoronkov_________________________π___Ό___Β_______________________________________________________________
Received 120 byte message from 1 to 223357008
22 0 0 0 40 0 0 0 40 0 0 71 97 118 114 105 108 111 118 105 99 104 0 0 0 0 0 0 0 0 0 0 0 0 0 0 0 1 7 0 149 0 0 0 28 1 0 0 196 0 0 0 224 0 0 0 224 0 0 0 0 0 0 0 0 0 0 0 0 0 0 0 0 0 0 0 0 0 0 0 0 0 0 0 0 0 0 0 0 0 0 0 1 0 0 0 0 0 0 0 0 0 0 0 0 0 0 0 0 0 0 0 0 0 0 0 0 0 0 0 
____(___(__Gavrilovich__________________•_______Δ___ΰ___ΰ_______________________________________________________________
Received 120 byte message from 1 to 223357008
22 0 0 0 41 0 0 0 41 0 0 71 114 101 98 101 110 115 99 104 105 107 111 118 0 0 0 0 0 0 0 0 0 0 0 0 0 1 8 0 128 0 0 0 32 1 0 0 217 0 0 0 192 0 0 0 192 0 0 0 0 0 0 0 0 0 0 0 0 0 0 0 0 0 0 0 0 0 0 0 0 0 0 0 0 0 0 0 0 0 0 0 1 0 0 0 0 0 0 0 0 0 0 0 0 0 0 0 0 0 0 0 0 0 0 0 0 0 0 0 
____)___)__Grebenschikov________________€___ ___Ω___ΐ___ΐ_______________________________________________________________
Received 120 byte message from 1 to 223357008
22 0 0 0 42 0 0 0 42 0 0 70 101 100 105 110 0 115 99 104 105 107 111 118 0 0 0 0 0 0 0 0 0 0 0 0 0 1 9 0 120 0 0 0 30 1 0 0 246 0 0 0 180 0 0 0 180 0 0 0 0 0 0 0 0 0 0 0 0 0 0 0 0 0 0 0 0 0 0 0 0 0 0 0 0 0 0 0 0 0 0 0 1 0 0 0 0 0 0 0 0 0 0 0 0 0 0 0 0 0 0 0 0 0 0 0 0 0 0 0 
____*___*__Fedin_schikov________________x_______φ___΄___΄_______________________________________________________________
Received 120 byte message from 1 to 223357008
22 0 0 0 43 0 0 0 43 0 0 90 97 109 105 97 116 105 110 0 105 107 111 118 0 0 0 0 0 0 0 0 0 0 0 0 0 2 0 3 25 1 0 0 228 0 0 0 42 1 0 0 243 0 0 0 29 1 0 0 1 0 0 0 0 0 0 0 0 0 0 0 0 0 0 0 0 0 0 0 0 0 0 0 0 0 0 0 0 0 0 0 1 0 0 0 0 0 0 0 0 0 0 0 0 0 0 0 0 0 0 0 0 0 0 0 2 0 0 0 
____+___+__Zamiatin_ikov____________________δ___*___σ___________________________________________________________________
Received 120 byte message from 1 to 223357008
22 0 0 0 44 0 0 0 44 0 0 76 97 118 114 111 118 0 110 0 105 107 111 118 0 0 0 0 0 0 0 0 0 0 0 0 0 59 1 2 230 0 0 0 57 1 0 0 2 1 0 0 246 0 0 0 13 1 0 0 3 0 0 0 0 0 0 0 0 0 0 0 0 0 0 0 0 0 0 0 0 0 0 0 0 0 0 0 0 0 0 0 1 0 0 0 0 0 0 0 0 0 0 0 0 0 0 0 0 0 0 0 0 0 0 0 1 0 0 0 
____,___,__Lavrov_n_ikov_____________;__ζ___9_______φ___________________________________________________________________
Received 120 byte message from 1 to 223357008
22 0 0 0 45 0 0 0 45 0 0 86 97 116 111 108 107 105 110 0 105 107 111 118 0 0 0 0 0 0 0 0 0 0 0 0 0 16 2 1 165 0 0 0 38 1 0 0 21 1 0 0 225 0 0 0 230 0 0 0 0 0 0 0 0 0 0 0 0 0 0 0 0 0 0 0 0 0 0 0 0 0 0 0 0 0 0 0 0 0 0 0 1 0 0 0 0 0 0 0 0 0 0 0 0 0 0 0 0 0 0 0 0 0 0 0 0 0 0 0 
____-___-__Vatolkin_ikov________________¥___&_______α___ζ_______________________________________________________________
Received 120 byte message from 1 to 223357008
22 0 0 0 46 0 0 0 46 0 0 80 101 114 99 104 101 110 107 111 118 0 111 118 0 0 0 0 0 0 0 0 0 0 0 0 0 16 5 0 132 0 0 0 240 0 0 0 16 1 0 0 199 0 0 0 199 0 0 0 0 0 0 0 0 0 0 0 0 0 0 0 0 0 0 0 0 0 0 0 0 0 0 0 0 0 0 0 0 0 0 0 1 0 0 0 0 0 0 0 0 0 0 0 0 0 0 0 0 0 0 0 0 0 0 0 0 0 0 0 
____.___.__Perchenkov_ov________________„___π_______Η___Η_______________________________________________________________
Received 120 byte message from 1 to 223357008
22 0 0 0 47 0 0 0 47 0 0 82 121 98 97 107 0 110 107 111 118 0 111 118 0 0 0 0 0 0 0 0 0 0 0 0 0 16 3 1 146 0 0 0 3 1 0 0 227 0 0 0 195 0 0 0 201 0 0 0 0 0 0 0 0 0 0 0 0 0 0 0 0 0 0 0 0 0 0 0 0 0 0 0 0 0 0 0 0 0 0 0 1 0 0 0 0 0 0 0 0 0 0 0 0 0 0 0 0 0 0 0 0 0 0 0 0 0 0 0 
____/___/__Rybak_nkov_ov________________’_______γ___Γ___Ι_______________________________________________________________
Received 120 byte message from 1 to 223357008
22 0 0 0 48 0 0 0 48 0 0 83 97 107 104 97 114 111 118 0 118 0 111 118 0 0 0 0 0 0 0 0 0 0 0 0 0 16 4 1 147 0 0 0 48 1 0 0 207 0 0 0 197 0 0 0 203 0 0 0 0 0 0 0 0 0 0 0 0 0 0 0 0 0 0 0 0 0 0 0 0 0 0 0 0 0 0 0 0 0 0 0 1 0 0 0 0 0 0 0 0 0 0 0 0 0 0 0 0 0 0 0 0 0 0 0 0 0 0 0 
____0___0__Sakharov_v_ov________________“___0___Ο___Ε___Λ_______________________________________________________________
Received 120 byte message from 1 to 223357008
22 0 0 0 49 0 0 0 49 0 0 86 111 108 107 111 118 0 118 0 118 0 111 118 0 0 0 0 0 0 0 0 0 0 0 0 0 1 6 0 128 0 0 0 31 1 0 0 184 0 0 0 192 0 0 0 192 0 0 0 0 0 0 0 0 0 0 0 0 0 0 0 0 0 0 0 0 0 0 0 0 0 0 0 0 0 0 0 0 0 0 0 1 0 0 0 0 0 0 0 0 0 0 0 0 0 0 0 0 0 0 0 0 0 0 0 0 0 0 0 
____1___1__Volkov_v_v_ov________________€_______Έ___ΐ___ΐ_______________________________________________________________
Received 120 byte message from 1 to 223357008
22 0 0 0 50 0 0 0 50 0 0 84 117 114 99 104 97 110 105 110 111 118 0 118 0 0 0 0 0 0 0 0 0 0 0 0 0 1 7 0 129 0 0 0 240 0 0 0 247 0 0 0 194 0 0 0 194 0 0 0 0 0 0 0 0 0 0 0 0 0 0 0 0 0 0 0 0 0 0 0 0 0 0 0 0 0 0 0 0 0 0 0 1 0 0 0 0 0 0 0 0 0 0 0 0 0 0 0 0 0 0 0 0 0 0 0 0 0 0 0 
____2___2__Turchaninov_v___________________π___χ___Β___Β_______________________________________________________________
Received 120 byte message from 1 to 223357008
22 0 0 0 51 0 0 0 51 0 0 83 97 118 101 110 107 111 0 110 111 118 0 118 0 0 0 0 0 0 0 0 0 0 0 0 0 1 8 0 139 0 0 0 3 1 0 0 196 0 0 0 209 0 0 0 209 0 0 0 0 0 0 0 0 0 0 0 0 0 0 0 0 0 0 0 0 0 0 0 0 0 0 0 0 0 0 0 0 0 0 0 1 0 0 0 0 0 0 0 0 0 0 0 0 0 0 0 0 0 0 0 0 0 0 0 0 0 0 0 
____3___3__Savenko_nov_v________________‹_______Δ___Ρ___Ρ_______________________________________________________________
Received 120 byte message from 1 to 223357008
22 0 0 0 52 0 0 0 52 0 0 76 101 116 117 110 111 118 0 110 111 118 0 118 0 0 0 0 0 0 0 0 0 0 0 0 0 1 9 0 130 0 0 0 44 1 0 0 3 1 0 0 195 0 0 0 195 0 0 0 0 0 0 0 0 0 0 0 0 0 0 0 0 0 0 0 0 0 0 0 0 0 0 0 0 0 0 0 0 0 0 0 1 0 0 0 0 0 0 0 0 0 0 0 0 0 0 0 0 0 0 0 0 0 0 0 0 0 0 0 
____4___4__Letunov_nov_v________________‚___,_______Γ___Γ_______________________________________________________________
Received 120 byte message from 1 to 223357008
22 0 0 0 53 0 0 0 53 0 0 66 114 111 100 115 107 105 121 0 111 118 0 118 0 0 0 0 0 0 0 0 0 0 0 0 0 4 0 2 242 0 0 0 28 1 0 0 4 1 0 0 12 1 0 0 33 1 0 0 3 0 0 0 0 0 0 0 0 0 0 0 0 0 0 0 0 0 0 0 0 0 0 0 0 0 0 0 0 0 0 0 1 0 0 0 0 0 0 0 0 0 0 0 0 0 0 0 0 0 0 0 0 0 0 0 1 0 0 0 
____5___5__Brodskiy_ov_v________________ς_______________!_______________________________________________________________
Received 120 byte message from 1 to 223357008
22 0 0 0 54 0 0 0 54 0 0 66 117 103 97 101 118 0 121 0 111 118 0 118 0 0 0 0 0 0 0 0 0 0 0 0 0 71 2 0 166 0 0 0 67 1 0 0 216 0 0 0 250 0 0 0 250 0 0 0 2 0 0 0 0 0 0 0 0 0 0 0 0 0 0 0 0 0 0 0 0 0 0 0 0 0 0 0 0 0 0 0 1 0 0 0 0 0 0 0 0 0 0 0 0 0 0 0 0 0 0 0 0 0 0 0 6 0 0 0 
____6___6__Bugaev_y_ov_v_____________G__¦___C___Ψ___ϊ___ϊ_______________________________________________________________
Received 120 byte message from 1 to 223357008
22 0 0 0 55 0 0 0 55 0 0 71 114 97 98 111 118 115 107 121 0 118 0 118 0 0 0 0 0 0 0 0 0 0 0 0 0 8 1 1 176 0 0 0 23 1 0 0 241 0 0 0 243 0 0 0 248 0 0 0 2 0 0 0 0 0 0 0 0 0 0 0 0 0 0 0 0 0 0 0 0 0 0 0 0 0 0 0 0 0 0 0 1 0 0 0 0 0 0 0 0 0 0 0 0 0 0 0 0 0 0 0 0 0 0 0 4 0 0 0 
____7___7__Grabovsky_v_v________________°_______ρ___σ___ψ_______________________________________________________________
Received 120 byte message from 1 to 223357008
22 0 0 0 56 0 0 0 56 0 0 76 111 103 105 110 111 118 0 121 0 118 0 118 0 0 0 0 0 0 0 0 0 0 0 0 0 4 0 2 234 0 0 0 67 1 0 0 29 1 0 0 252 0 0 0 18 1 0 0 3 0 0 0 0 0 0 0 0 0 0 0 0 0 0 0 0 0 0 0 0 0 0 0 0 0 0 0 0 0 0 0 1 0 0 0 0 0 0 0 0 0 0 0 0 0 0 0 0 0 0 0 0 0 0 0 1 0 0 0 
____8___8__Loginov_y_v_v________________κ___C_______ό___________________________________________________________________
Received 120 byte message from 1 to 223357008
22 0 0 0 57 0 0 0 57 0 0 68 101 110 121 97 107 105 110 0 0 118 0 118 0 0 0 0 0 0 0 0 0 0 0 0 0 4 1 1 161 0 0 0 16 1 0 0 17 1 0 0 219 0 0 0 224 0 0 0 2 0 0 0 0 0 0 0 0 0 0 0 0 0 0 0 0 0 0 0 0 0 0 0 0 0 0 0 0 0 0 0 1 0 0 0 0 0 0 0 0 0 0 0 0 0 0 0 0 0 0 0 0 0 0 0 8 0 0 0 
____9___9__Denyakin__v_v________________΅___________Ϋ___ΰ_______________________________________________________________
Received 120 byte message from 1 to 223357008
22 0 0 0 58 0 0 0 58 0 0 90 104 101 108 116 111 98 114 117 104 0 0 118 0 0 0 0 0 0 0 0 0 0 0 0 0 4 2 1 168 0 0 0 51 1 0 0 240 0 0 0 230 0 0 0 235 0 0 0 2 0 0 0 0 0 0 0 0 0 0 0 0 0 0 0 0 0 0 0 0 0 0 0 0 0 0 0 0 0 0 0 1 0 0 0 0 0 0 0 0 0 0 0 0 0 0 0 0 0 0 0 0 0 0 0 4 0 0 0 
____:___:__Zheltobruh__v________________¨___3___π___ζ___λ_______________________________________________________________
Received 120 byte message from 1 to 223357008
22 0 0 0 59 0 0 0 59 0 0 70 111 109 105 110 0 98 114 117 104 0 0 118 0 0 0 0 0 0 0 0 0 0 0 0 0 4 3 1 165 0 0 0 29 1 0 0 44 1 0 0 224 0 0 0 229 0 0 0 2 0 0 0 0 0 0 0 0 0 0 0 0 0 0 0 0 0 0 0 0 0 0 0 0 0 0 0 0 0 0 0 1 0 0 0 0 0 0 0 0 0 0 0 0 0 0 0 0 0 0 0 0 0 0 0 6 0 0 0 
____;___;__Fomin_bruh__v________________¥_______,___ΰ___ε_______________________________________________________________
Received 120 byte message from 1 to 223357008
22 0 0 0 60 0 0 0 60 0 0 75 114 97 115 97 110 111 118 0 104 0 0 118 0 0 0 0 0 0 0 0 0 0 0 0 0 13 0 2 245 0 0 0 253 0 0 0 52 1 0 0 17 1 0 0 38 1 0 0 3 0 0 0 0 0 0 0 0 0 0 0 0 0 0 0 0 0 0 0 0 0 0 0 0 0 0 0 0 0 0 0 1 0 0 0 0 0 0 0 0 0 0 0 0 0 0 0 0 0 0 0 0 0 0 0 1 0 0 0 
____<___<__Krasanov_h__v________________υ___ύ___4_______&_______________________________________________________________
Received 120 byte message from 1 to 223357008
22 0 0 0 61 0 0 0 61 0 0 69 102 97 110 111 118 0 118 0 104 0 0 118 0 0 0 0 0 0 0 0 0 0 0 0 0 4 1 1 166 0 0 0 31 1 0 0 231 0 0 0 226 0 0 0 231 0 0 0 2 0 0 0 0 0 0 0 0 0 0 0 0 0 0 0 0 0 0 0 0 0 0 0 0 0 0 0 0 0 0 0 1 0 0 0 0 0 0 0 0 0 0 0 0 0 0 0 0 0 0 0 0 0 0 0 6 0 0 0 
____=___=__Efanov_v_h__v________________¦_______η___β___η_______________________________________________________________
Received 120 byte message from 1 to 223357008
22 0 0 0 62 0 0 0 62 0 0 83 105 110 99 104 105 108 111 0 104 0 0 118 0 0 0 0 0 0 0 0 0 0 0 0 0 4 2 1 170 0 0 0 61 1 0 0 21 1 0 0 234 0 0 0 239 0 0 0 2 0 0 0 0 0 0 0 0 0 0 0 0 0 0 0 0 0 0 0 0 0 0 0 0 0 0 0 0 0 0 0 1 0 0 0 0 0 0 0 0 0 0 0 0 0 0 0 0 0 0 0 0 0 0 0 8 0 0 0 
____>___>__Sinchilo_h__v___________________=_______κ___ο_______________________________________________________________
Received 120 byte message from 1 to 223357008
22 0 0 0 63 0 0 0 63 0 0 77 101 100 118 101 100 101 118 0 104 0 0 118 0 0 0 0 0 0 0 0 0 0 0 0 0 70 3 0 170 0 0 0 7 1 0 0 34 1 0 0 0 1 0 0 0 1 0 0 2 0 0 0 0 0 0 0 0 0 0 0 0 0 0 0 0 0 0 0 0 0 0 0 0 0 0 0 0 0 0 0 1 0 0 0 0 0 0 0 0 0 0 0 0 0 0 0 0 0 0 0 0 0 0 0 9 0 0 0 
____?___?__Medvedev_h__v_____________F_________"_______________________________________________________________________
Received 120 byte message from 1 to 223357008
22 0 0 0 64 0 0 0 64 0 0 83 111 98 111 108 0 101 118 0 104 0 0 118 0 0 0 0 0 0 0 0 0 0 0 0 0 64 0 3 58 1 0 0 28 1 0 0 52 1 0 0 67 1 0 0 96 1 0 0 1 0 0 0 0 0 0 0 0 0 0 0 0 0 0 0 0 0 0 0 0 0 0 0 0 0 0 0 0 0 0 0 1 0 0 0 0 0 0 0 0 0 0 0 0 0 0 0 0 0 0 0 0 0 0 0 2 0 0 0 
____@___@__Sobol_ev_h__v_____________@__:_______4___C___`_______________________________________________________________
Received 52 byte message from 1 to 223357008
23 0 0 0 0 0 0 0 0 0 52 53 109 109 32 80 114 111 116 105 118 46 32 79 114 117 100 105 101 32 111 98 114 46 51 50 47 51 56 0 68 0 0 0 0 0 0 0 0 231 10 0 
__________45mm Protiv. Orudie obr.32/38_D________η__
Received 84 byte message from 1 to 223357008
24 0 0 0 0 0 0 0 0 0 0 71 114 111 117 112 32 76 101 97 100 101 114 0 255 255 255 255 0 0 0 0 157 14 73 0 79 0 0 0 1 0 2 0 255 255 255 255 255 255 255 255 255 255 255 255 255 255 255 105 36 1 0 0 13 1 0 0 8 0 111 98 36 1 0 0 0 51 0 0 0 0 0 0 
___________Group Leader______I_O_______i$_________ob$____3______
Received 84 byte message from 1 to 223357008
24 0 0 0 1 0 0 0 1 0 0 76 77 71 32 73 110 102 97 110 116 114 121 0 255 255 255 255 0 0 0 0 157 14 73 0 22 0 3 0 4 0 6 0 7 0 8 0 9 0 5 0 10 0 11 0 12 0 255 105 213 0 0 0 204 0 0 0 11 0 111 98 213 0 0 0 0 51 0 0 0 0 0 0 
___________LMG Infantry______I_______________________iΥ___Μ_____obΥ____3______
Received 84 byte message from 1 to 223357008
24 0 0 0 2 0 0 0 2 0 0 76 77 71 32 73 110 102 97 110 116 114 121 0 255 255 255 255 0 0 0 0 157 14 73 0 22 0 13 0 14 0 17 0 18 0 20 0 21 0 19 0 15 0 16 0 22 0 255 105 219 0 0 0 210 0 0 0 11 0 111 98 219 0 0 0 0 51 0 0 0 0 0 0 
___________LMG Infantry______I_______________________iΫ________obΫ____3______
Received 84 byte message from 1 to 223357008
24 0 0 0 3 0 0 0 3 0 0 76 105 103 104 116 32 73 110 102 97 110 116 114 121 0 255 255 0 0 0 0 157 14 73 0 7 0 23 0 24 0 25 0 27 0 29 0 30 0 32 0 28 0 31 0 26 0 255 105 217 0 0 0 208 0 0 0 9 0 111 98 217 0 0 0 0 51 0 0 0 0 0 0 
___________Light Infantry______I_______________ _______iΩ___Π_____obΩ____3______
Received 84 byte message from 1 to 223357008
24 0 0 0 4 0 0 0 4 0 0 76 105 103 104 116 32 73 110 102 97 110 116 114 121 0 255 255 0 0 0 0 157 14 73 0 7 0 33 0 34 0 35 0 36 0 37 0 38 0 39 0 40 0 41 0 42 0 255 105 219 0 0 0 210 0 0 0 9 0 111 98 219 0 0 0 0 51 0 0 0 0 0 0 
___________Light Infantry______I___!_"_#_$_%_&_'_(_)_*_iΫ________obΫ____3______
Received 84 byte message from 1 to 223357008
24 0 0 0 5 0 0 0 5 0 0 76 105 103 104 116 32 73 110 102 97 110 116 114 121 0 255 255 0 0 0 0 157 14 73 0 7 0 43 0 44 0 45 0 47 0 48 0 46 0 49 0 50 0 51 0 52 0 255 105 217 0 0 0 209 0 0 0 9 0 111 98 217 0 0 0 0 51 0 0 0 0 0 0 
___________Light Infantry______I___+_,_-_/_0_._1_2_3_4_iΩ___Ρ_____obΩ____3______
Received 84 byte message from 1 to 223357008
24 0 0 0 6 0 0 0 6 0 0 77 77 71 32 84 101 97 109 0 97 110 116 114 121 0 255 255 0 0 0 0 157 14 73 0 4 0 53 0 55 0 54 0 255 255 255 255 255 255 255 255 255 255 255 255 255 255 255 105 6 1 0 0 253 0 0 0 7 0 111 98 6 1 0 0 0 51 0 0 0 0 0 0 
___________MMG Team_antry______I___5_7_6_i____ύ_____ob_____3______
Received 84 byte message from 1 to 223357008
24 0 0 0 7 0 0 0 7 0 0 83 110 105 112 101 114 0 109 0 97 110 116 114 121 0 255 255 0 0 0 0 157 14 73 0 160 0 64 0 255 255 255 255 255 255 255 255 255 255 255 255 255 255 255 255 255 255 255 105 96 1 0 0 67 1 0 0 7 0 111 98 96 1 0 0 0 51 0 0 0 0 1 0 
___________Sniper_m_antry______I_ _@_i`___C_____ob`____3______
Received 84 byte message from 1 to 223357008
24 0 0 0 8 0 0 0 8 0 0 52 53 109 109 32 65 84 32 71 117 110 0 114 121 0 255 255 0 0 0 0 157 14 73 0 33 0 56 0 57 0 58 0 59 0 255 255 255 255 255 255 255 255 255 255 255 255 0 105 240 0 0 0 231 0 0 0 17 0 111 98 240 0 0 0 0 51 0 0 0 0 0 0 
___________45mm AT Gun_ry______I_!_8_9_:_;__iπ___η_____obπ____3______
Received 84 byte message from 1 to 223357008
24 0 0 0 9 0 0 0 9 0 0 56 50 109 109 32 77 111 114 116 97 114 0 114 121 0 255 255 0 0 0 0 157 14 73 0 6 0 60 0 61 0 62 0 63 0 255 255 255 255 255 255 255 255 255 255 255 255 255 105 255 0 0 0 247 0 0 0 10 0 111 98 255 0 0 0 0 51 0 0 0 0 0 0 
___________82mm Mortar_ry______I___<_=_>_?_i___χ_____ob____3______
Received 8 byte message from 1 to 223357008
17 0 0 0 12 0 73 0 
______I_
Received 4 byte message from 1 to 223357008
21 0 0 0 
____
Received 8 byte message from 1 to 223357008
17 0 0 0 10 0 73 0 
______I_
Received 8 byte message from 1 to 223357008
6 0 0 0 254 67 73 0 
____ώCI_
Received 8 byte message from 1 to 223357008
6 0 0 0 2 67 73 0 
_____CI_
