Running bot as fake server
Sys message "DPSYS_CREATEPLAYERORGROUP" to player 1
Received 16 byte message from 1 to 223219091
20 0 0 0 6 0 0 0 4 0 0 0 1 0 0 0 
________________
Received 60 byte message from 1 to 223219091
16 0 0 0 67 79 73 51 46 54 32 50 48 49 49 48 49 50 52 48 49 0 64 0 0 0 0 0 216 17 0 0 190 0 119 136 203 15 12 0 243 223 2 0 25 240 11 0 182 168 14 0 71 199 57 0 79 170 48 0 
____COI3.6 2011012401_@_____Ψ___Ύ_wΛ___σί___π__¶¨__GΗ9_O0_
Received 8 byte message from 1 to 223219091
3 0 0 0 0 4 0 0 
________
Switching game state from Waiting to Requisition
Received 8 byte message from 1 to 223219091
17 0 0 0 14 0 73 0 
______I_
Received 4 byte message from 1 to 223219091
9 0 0 0 
____
Switching game state from Requisition to Deployment
Received 512 byte message from 1 to 223219091
18 0 0 0 0 0 0 0 0 0 0 0 0 0 0 0 0 0 0 0 0 0 0 0 0 0 0 0 0 0 0 0 0 0 0 0 0 0 0 0 0 0 0 0 0 0 0 0 0 0 0 0 0 0 0 0 0 0 0 0 0 0 0 0 0 0 0 0 0 0 0 0 0 0 0 0 0 0 0 0 0 0 0 0 0 0 0 0 0 0 0 0 0 0 0 0 0 0 0 0 0 0 0 0 0 0 0 0 0 0 0 0 0 0 0 0 0 0 0 0 0 0 0 0 0 0 0 0 0 0 0 0 0 0 0 0 0 0 0 0 0 0 0 0 0 0 0 0 0 0 0 0 0 0 0 0 0 0 0 0 0 0 0 0 0 0 0 0 0 0 0 0 0 0 0 0 0 0 0 0 0 0 0 0 0 0 0 0 0 0 0 0 0 0 0 0 0 0 0 0 0 0 0 0 0 0 0 0 0 0 0 0 0 0 0 0 0 0 0 0 0 0 0 0 0 0 0 0 0 0 0 0 0 0 0 0 0 0 0 0 0 0 0 0 0 0 0 0 0 0 0 0 0 0 0 0 0 0 0 0 0 0 0 0 0 0 0 0 0 0 0 0 0 0 0 0 0 0 0 0 0 0 0 0 0 0 0 0 0 0 0 0 0 0 0 0 0 0 0 0 0 0 0 0 0 0 0 0 0 0 0 0 0 0 0 0 0 0 0 0 0 0 0 0 0 0 0 0 0 0 0 0 0 0 0 0 0 0 0 0 0 0 0 0 0 0 0 0 0 0 0 0 0 0 0 0 0 0 0 0 0 0 0 0 0 0 0 0 0 0 0 0 0 0 0 0 0 0 0 0 0 0 0 0 0 0 0 0 0 0 0 0 0 0 0 0 0 0 0 0 0 0 0 0 0 0 0 0 0 0 0 0 0 0 0 0 0 0 0 0 0 0 0 0 0 0 0 0 0 0 0 0 0 0 0 0 0 0 0 0 0 0 0 0 0 0 0 0 0 0 0 0 0 0 0 0 0 0 0 0 0 0 0 0 0 0 0 0 0 0 0 0 0 0 0 0 0 0 0 0 0 0 0 0 0 0 0 0 0 0 0 0 0 0 0 0 0 0 0 0 0 0 0 0 10 0 64 0 1 231 9 0 
__________________________________________________________________________________________________________________________________________________________________________________________________________________________________________________________________________________________________________________________________________________________________________________________________________________________________________________________________________________________________________________________@__η__
Received 120 byte message from 1 to 223219091
22 0 0 0 0 0 0 0 0 0 0 80 101 116 116 101 114 0 0 0 0 0 0 0 0 0 0 0 0 0 0 0 0 0 0 0 0 2 0 4 97 1 0 0 75 1 0 0 94 1 0 0 41 1 0 0 91 1 0 0 4 0 0 0 0 0 0 0 0 0 0 0 0 0 0 0 0 0 0 0 0 0 0 0 0 0 0 0 0 0 0 0 1 0 0 0 0 0 0 0 0 0 0 0 0 0 0 0 0 0 0 0 0 0 0 0 3 0 0 0 
___________Petter_______________________a___K___^___)___[_______________________________________________________________
Received 120 byte message from 1 to 223219091
22 0 0 0 1 0 0 0 1 0 0 84 114 101 116 105 97 107 111 118 0 0 0 0 0 0 0 0 0 0 0 0 0 0 0 0 0 2 1 2 238 0 0 0 25 1 0 0 24 1 0 0 4 1 0 0 26 1 0 0 3 0 0 0 0 0 0 0 0 0 0 0 0 0 0 0 0 0 0 0 0 0 0 0 0 0 0 0 0 0 0 0 1 0 0 0 0 0 0 0 0 0 0 0 0 0 0 0 0 0 0 0 0 0 0 0 1 0 0 0 
___________Tretiakov____________________ξ_______________________________________________________________________________
Received 120 byte message from 1 to 223219091
22 0 0 0 2 0 0 0 2 0 0 69 102 97 110 111 118 0 111 118 0 0 0 0 0 0 0 0 0 0 0 0 0 0 0 0 0 1 2 1 187 0 0 0 2 1 0 0 250 0 0 0 3 1 0 0 7 1 0 0 0 0 0 0 0 0 0 0 0 0 0 0 0 0 0 0 0 0 0 0 0 0 0 0 0 0 0 0 0 0 0 0 1 0 0 0 0 0 0 0 0 0 0 0 0 0 0 0 0 0 0 0 0 0 0 0 0 0 0 0 
___________Efanov_ov____________________»_______ϊ_______________________________________________________________________
Received 120 byte message from 1 to 223219091
22 0 0 0 3 0 0 0 3 0 0 65 110 116 115 117 114 111 118 0 0 0 0 0 0 0 0 0 0 0 0 0 0 0 0 0 0 2 0 3 21 1 0 0 25 1 0 0 50 1 0 0 236 0 0 0 23 1 0 0 1 0 0 0 0 0 0 0 0 0 0 0 0 0 0 0 0 0 0 0 0 0 0 0 0 0 0 0 0 0 0 0 1 0 0 0 0 0 0 0 0 0 0 0 0 0 0 0 0 0 0 0 0 0 0 0 2 0 0 0 
___________Antsurov_____________________________2___μ___________________________________________________________________
Received 120 byte message from 1 to 223219091
22 0 0 0 4 0 0 0 4 0 0 68 109 105 116 114 101 110 107 111 0 0 0 0 0 0 0 0 0 0 0 0 0 0 0 0 0 2 1 2 232 0 0 0 238 0 0 0 10 1 0 0 249 0 0 0 16 1 0 0 3 0 0 0 0 0 0 0 0 0 0 0 0 0 0 0 0 0 0 0 0 0 0 0 0 0 0 0 0 0 0 0 1 0 0 0 0 0 0 0 0 0 0 0 0 0 0 0 0 0 0 0 0 0 0 0 1 0 0 0 
___________Dmitrenko____________________θ___ξ_______ω___________________________________________________________________
Received 120 byte message from 1 to 223219091
22 0 0 0 5 0 0 0 5 0 0 90 104 97 114 107 111 0 107 111 0 0 0 0 0 0 0 0 0 0 0 0 0 0 0 0 0 3 2 1 167 0 0 0 42 1 0 0 203 0 0 0 228 0 0 0 233 0 0 0 2 0 0 0 0 0 0 0 0 0 0 0 0 0 0 0 0 0 0 0 0 0 0 0 0 0 0 0 0 0 0 0 1 0 0 0 0 0 0 0 0 0 0 0 0 0 0 0 0 0 0 0 0 0 0 0 4 0 0 0 
___________Zharko_ko____________________§___*___Λ___δ___ι_______________________________________________________________
Received 120 byte message from 1 to 223219091
22 0 0 0 6 0 0 0 6 0 0 82 97 99 104 107 111 118 115 107 105 121 0 0 0 0 0 0 0 0 0 0 0 0 0 0 0 1 8 0 146 0 0 0 50 1 0 0 236 0 0 0 219 0 0 0 219 0 0 0 2 0 0 0 0 0 0 0 0 0 0 0 0 0 0 0 0 0 0 0 0 0 0 0 0 0 0 0 0 0 0 0 1 0 0 0 0 0 0 0 0 0 0 0 0 0 0 0 0 0 0 0 0 0 0 0 0 0 0 0 
___________Rachkovskiy__________________’___2___μ___Ϋ___Ϋ_______________________________________________________________
Received 120 byte message from 1 to 223219091
22 0 0 0 7 0 0 0 7 0 0 83 104 117 118 97 108 111 118 0 105 121 0 0 0 0 0 0 0 0 0 0 0 0 0 0 0 1 7 0 135 0 0 0 240 0 0 0 10 1 0 0 203 0 0 0 203 0 0 0 0 0 0 0 0 0 0 0 0 0 0 0 0 0 0 0 0 0 0 0 0 0 0 0 0 0 0 0 0 0 0 0 1 0 0 0 0 0 0 0 0 0 0 0 0 0 0 0 0 0 0 0 0 0 0 0 0 0 0 0 
___________Shuvalov_iy__________________‡___π_______Λ___Λ_______________________________________________________________
Received 120 byte message from 1 to 223219091
22 0 0 0 8 0 0 0 8 0 0 83 108 117 116 115 107 105 121 0 105 121 0 0 0 0 0 0 0 0 0 0 0 0 0 0 0 1 3 1 148 0 0 0 16 1 0 0 253 0 0 0 199 0 0 0 205 0 0 0 0 0 0 0 0 0 0 0 0 0 0 0 0 0 0 0 0 0 0 0 0 0 0 0 0 0 0 0 0 0 0 0 1 0 0 0 0 0 0 0 0 0 0 0 0 0 0 0 0 0 0 0 0 0 0 0 6 0 0 0 
___________Slutskiy_iy__________________”_______ύ___Η___Ν_______________________________________________________________
Received 120 byte message from 1 to 223219091
22 0 0 0 9 0 0 0 9 0 0 80 101 116 114 105 107 0 121 0 105 121 0 0 0 0 0 0 0 0 0 0 0 0 0 0 0 38 9 0 144 0 0 0 250 0 0 0 14 1 0 0 217 0 0 0 217 0 0 0 0 0 0 0 0 0 0 0 0 0 0 0 0 0 0 0 0 0 0 0 0 0 0 0 0 0 0 0 0 0 0 0 1 0 0 0 0 0 0 0 0 0 0 0 0 0 0 0 0 0 0 0 0 0 0 0 0 0 0 0 
___________Petrik_y_iy_______________&_____ϊ_______Ω___Ω_______________________________________________________________
Received 120 byte message from 1 to 223219091
22 0 0 0 10 0 0 0 10 0 0 67 104 101 114 118 121 97 99 104 117 107 0 0 0 0 0 0 0 0 0 0 0 0 0 0 0 1 4 1 141 0 0 0 51 1 0 0 239 0 0 0 186 0 0 0 192 0 0 0 0 0 0 0 0 0 0 0 0 0 0 0 0 0 0 0 0 0 0 0 0 0 0 0 0 0 0 0 0 0 0 0 1 0 0 0 0 0 0 0 0 0 0 0 0 0 0 0 0 0 0 0 0 0 0 0 0 0 0 0 
___________Chervyachuk_____________________3___ο___Ί___ΐ_______________________________________________________________
Received 120 byte message from 1 to 223219091
22 0 0 0 11 0 0 0 11 0 0 73 115 97 107 111 118 0 99 104 117 107 0 0 0 0 0 0 0 0 0 0 0 0 0 0 0 59 5 1 167 0 0 0 227 0 0 0 195 0 0 0 228 0 0 0 233 0 0 0 0 0 0 0 0 0 0 0 0 0 0 0 0 0 0 0 0 0 0 0 0 0 0 0 0 0 0 0 0 0 0 0 1 0 0 0 0 0 0 0 0 0 0 0 0 0 0 0 0 0 0 0 0 0 0 0 0 0 0 0 
___________Isakov_chuk_______________;__§___γ___Γ___δ___ι_______________________________________________________________
Received 120 byte message from 1 to 223219091
22 0 0 0 12 0 0 0 12 0 0 90 97 114 105 116 115 107 121 0 117 107 0 0 0 0 0 0 0 0 0 0 0 0 0 0 0 1 6 1 148 0 0 0 23 1 0 0 196 0 0 0 198 0 0 0 204 0 0 0 0 0 0 0 0 0 0 0 0 0 0 0 0 0 0 0 0 0 0 0 0 0 0 0 0 0 0 0 0 0 0 0 1 0 0 0 0 0 0 0 0 0 0 0 0 0 0 0 0 0 0 0 0 0 0 0 0 0 0 0 
___________Zaritsky_uk__________________”_______Δ___Ζ___Μ_______________________________________________________________
Received 120 byte message from 1 to 223219091
22 0 0 0 13 0 0 0 13 0 0 83 104 101 115 116 97 107 111 118 0 107 0 0 0 0 0 0 0 0 0 0 0 0 0 0 0 2 0 3 22 1 0 0 38 1 0 0 56 1 0 0 239 0 0 0 25 1 0 0 1 0 0 0 0 0 0 0 0 0 0 0 0 0 0 0 0 0 0 0 0 0 0 0 0 0 0 0 0 0 0 0 1 0 0 0 0 0 0 0 0 0 0 0 0 0 0 0 0 0 0 0 0 0 0 0 2 0 0 0 
___________Shestakov_k______________________&___8___ο___________________________________________________________________
Received 120 byte message from 1 to 223219091
22 0 0 0 14 0 0 0 14 0 0 71 97 109 115 104 101 121 101 118 0 107 0 0 0 0 0 0 0 0 0 0 0 0 0 0 0 2 1 2 217 0 0 0 244 0 0 0 229 0 0 0 221 0 0 0 246 0 0 0 3 0 0 0 0 0 0 0 0 0 0 0 0 0 0 0 0 0 0 0 0 0 0 0 0 0 0 0 0 0 0 0 1 0 0 0 0 0 0 0 0 0 0 0 0 0 0 0 0 0 0 0 0 0 0 0 1 0 0 0 
___________Gamsheyev_k__________________Ω___τ___ε___έ___φ_______________________________________________________________
Received 120 byte message from 1 to 223219091
22 0 0 0 15 0 0 0 15 0 0 70 108 101 103 97 110 116 111 118 0 107 0 0 0 0 0 0 0 0 0 0 0 0 0 0 0 38 9 0 154 0 0 0 30 1 0 0 231 0 0 0 231 0 0 0 231 0 0 0 2 0 0 0 0 0 0 0 0 0 0 0 0 0 0 0 0 0 0 0 0 0 0 0 0 0 0 0 0 0 0 0 1 0 0 0 0 0 0 0 0 0 0 0 0 0 0 0 0 0 0 0 0 0 0 0 0 0 0 0 
___________Flegantov_k_______________&_________η___η___η_______________________________________________________________
Received 120 byte message from 1 to 223219091
22 0 0 0 16 0 0 0 16 0 0 82 121 98 97 107 0 116 111 118 0 107 0 0 0 0 0 0 0 0 0 0 0 0 0 0 0 1 6 0 131 0 0 0 14 1 0 0 244 0 0 0 197 0 0 0 197 0 0 0 2 0 0 0 0 0 0 0 0 0 0 0 0 0 0 0 0 0 0 0 0 0 0 0 0 0 0 0 0 0 0 0 1 0 0 0 0 0 0 0 0 0 0 0 0 0 0 0 0 0 0 0 0 0 0 0 0 0 0 0 
___________Rybak_tov_k__________________ƒ_______τ___Ε___Ε_______________________________________________________________
Received 120 byte message from 1 to 223219091
22 0 0 0 17 0 0 0 17 0 0 82 111 103 111 122 104 101 118 0 0 107 0 0 0 0 0 0 0 0 0 0 0 0 0 0 0 1 7 0 150 0 0 0 251 0 0 0 193 0 0 0 226 0 0 0 226 0 0 0 0 0 0 0 0 0 0 0 0 0 0 0 0 0 0 0 0 0 0 0 0 0 0 0 0 0 0 0 0 0 0 0 1 0 0 0 0 0 0 0 0 0 0 0 0 0 0 0 0 0 0 0 0 0 0 0 0 0 0 0 
___________Rogozhev__k__________________–___ϋ___Α___β___β_______________________________________________________________
Received 120 byte message from 1 to 223219091
22 0 0 0 18 0 0 0 18 0 0 83 111 98 111 108 0 101 118 0 0 107 0 0 0 0 0 0 0 0 0 0 0 0 0 0 0 3 2 1 148 0 0 0 53 1 0 0 237 0 0 0 199 0 0 0 205 0 0 0 0 0 0 0 0 0 0 0 0 0 0 0 0 0 0 0 0 0 0 0 0 0 0 0 0 0 0 0 0 0 0 0 1 0 0 0 0 0 0 0 0 0 0 0 0 0 0 0 0 0 0 0 0 0 0 0 4 0 0 0 
___________Sobol_ev__k__________________”___5___ν___Η___Ν_______________________________________________________________
Received 120 byte message from 1 to 223219091
22 0 0 0 19 0 0 0 19 0 0 80 111 114 111 116 115 107 105 121 0 107 0 0 0 0 0 0 0 0 0 0 0 0 0 0 0 1 3 1 152 0 0 0 52 1 0 0 241 0 0 0 204 0 0 0 210 0 0 0 0 0 0 0 0 0 0 0 0 0 0 0 0 0 0 0 0 0 0 0 0 0 0 0 0 0 0 0 0 0 0 0 1 0 0 0 0 0 0 0 0 0 0 0 0 0 0 0 0 0 0 0 0 0 0 0 6 0 0 0 
___________Porotskiy_k_____________________4___ρ___Μ__________________________________________________________________
Received 120 byte message from 1 to 223219091
22 0 0 0 20 0 0 0 20 0 0 76 105 97 112 111 114 111 118 0 0 107 0 0 0 0 0 0 0 0 0 0 0 0 0 0 0 1 4 1 160 0 0 0 56 1 0 0 204 0 0 0 217 0 0 0 222 0 0 0 0 0 0 0 0 0 0 0 0 0 0 0 0 0 0 0 0 0 0 0 0 0 0 0 0 0 0 0 0 0 0 0 1 0 0 0 0 0 0 0 0 0 0 0 0 0 0 0 0 0 0 0 0 0 0 0 0 0 0 0 
___________Liaporov__k__________________ ___8___Μ___Ω___ή_______________________________________________________________
Received 120 byte message from 1 to 223219091
22 0 0 0 21 0 0 0 21 0 0 67 104 101 108 105 97 100 105 110 0 107 0 0 0 0 0 0 0 0 0 0 0 0 0 0 0 1 8 0 128 0 0 0 224 0 0 0 234 0 0 0 192 0 0 0 192 0 0 0 0 0 0 0 0 0 0 0 0 0 0 0 0 0 0 0 0 0 0 0 0 0 0 0 0 0 0 0 0 0 0 0 1 0 0 0 0 0 0 0 0 0 0 0 0 0 0 0 0 0 0 0 0 0 0 0 0 0 0 0 
___________Cheliadin_k__________________€___ΰ___κ___ΐ___ΐ_______________________________________________________________
Received 120 byte message from 1 to 223219091
22 0 0 0 22 0 0 0 22 0 0 84 117 114 99 104 97 110 105 110 111 118 0 0 0 0 0 0 0 0 0 0 0 0 0 0 0 59 5 1 164 0 0 0 20 1 0 0 209 0 0 0 223 0 0 0 228 0 0 0 0 0 0 0 0 0 0 0 0 0 0 0 0 0 0 0 0 0 0 0 0 0 0 0 0 0 0 0 0 0 0 0 1 0 0 0 0 0 0 0 0 0 0 0 0 0 0 0 0 0 0 0 0 0 0 0 0 0 0 0 
___________Turchaninov_______________;__¤_______Ρ___ί___δ_______________________________________________________________
Received 120 byte message from 1 to 223219091
22 0 0 0 23 0 0 0 23 0 0 90 104 117 114 97 118 108 105 111 118 0 0 0 0 0 0 0 0 0 0 0 0 0 0 0 0 2 0 3 36 1 0 0 234 0 0 0 2 1 0 0 15 1 0 0 52 1 0 0 1 0 0 0 0 0 0 0 0 0 0 0 0 0 0 0 0 0 0 0 0 0 0 0 0 0 0 0 0 0 0 0 1 0 0 0 0 0 0 0 0 0 0 0 0 0 0 0 0 0 0 0 0 0 0 0 2 0 0 0 
___________Zhuravliov___________________$___κ___________4_______________________________________________________________
Received 120 byte message from 1 to 223219091
22 0 0 0 24 0 0 0 24 0 0 82 111 122 111 118 115 107 121 0 118 0 0 0 0 0 0 0 0 0 0 0 0 0 0 0 0 59 1 2 215 0 0 0 232 0 0 0 22 1 0 0 216 0 0 0 242 0 0 0 3 0 0 0 0 0 0 0 0 0 0 0 0 0 0 0 0 0 0 0 0 0 0 0 0 0 0 0 0 0 0 0 1 0 0 0 0 0 0 0 0 0 0 0 0 0 0 0 0 0 0 0 0 0 0 0 1 0 0 0 
___________Rozovsky_v________________;__Χ___θ_______Ψ___ς_______________________________________________________________
Received 120 byte message from 1 to 223219091
22 0 0 0 25 0 0 0 25 0 0 73 118 97 110 111 118 0 121 0 118 0 0 0 0 0 0 0 0 0 0 0 0 0 0 0 0 1 6 0 120 0 0 0 2 1 0 0 205 0 0 0 180 0 0 0 180 0 0 0 0 0 0 0 0 0 0 0 0 0 0 0 0 0 0 0 0 0 0 0 0 0 0 0 0 0 0 0 0 0 0 0 1 0 0 0 0 0 0 0 0 0 0 0 0 0 0 0 0 0 0 0 0 0 0 0 0 0 0 0 
___________Ivanov_y_v___________________x_______Ν___΄___΄_______________________________________________________________
Received 120 byte message from 1 to 223219091
22 0 0 0 26 0 0 0 26 0 0 83 112 105 114 105 100 111 110 111 118 0 0 0 0 0 0 0 0 0 0 0 0 0 0 0 0 16 2 1 145 0 0 0 22 1 0 0 14 1 0 0 194 0 0 0 200 0 0 0 0 0 0 0 0 0 0 0 0 0 0 0 0 0 0 0 0 0 0 0 0 0 0 0 0 0 0 0 0 0 0 0 1 0 0 0 0 0 0 0 0 0 0 0 0 0 0 0 0 0 0 0 0 0 0 0 0 0 0 0 
___________Spiridonov___________________‘___________Β___Θ_______________________________________________________________
Received 120 byte message from 1 to 223219091
22 0 0 0 27 0 0 0 27 0 0 80 111 107 114 97 115 0 110 111 118 0 0 0 0 0 0 0 0 0 0 0 0 0 0 0 0 1 9 0 130 0 0 0 55 1 0 0 194 0 0 0 195 0 0 0 195 0 0 0 0 0 0 0 0 0 0 0 0 0 0 0 0 0 0 0 0 0 0 0 0 0 0 0 0 0 0 0 0 0 0 0 1 0 0 0 0 0 0 0 0 0 0 0 0 0 0 0 0 0 0 0 0 0 0 0 0 0 0 0 
___________Pokras_nov___________________‚___7___Β___Γ___Γ_______________________________________________________________
Received 120 byte message from 1 to 223219091
22 0 0 0 28 0 0 0 28 0 0 67 104 105 115 116 105 97 107 111 118 0 0 0 0 0 0 0 0 0 0 0 0 0 0 0 0 16 5 0 123 0 0 0 41 1 0 0 193 0 0 0 185 0 0 0 185 0 0 0 0 0 0 0 0 0 0 0 0 0 0 0 0 0 0 0 0 0 0 0 0 0 0 0 0 0 0 0 0 0 0 0 1 0 0 0 0 0 0 0 0 0 0 0 0 0 0 0 0 0 0 0 0 0 0 0 0 0 0 0 
___________Chistiakov___________________{___)___Α___Ή___Ή_______________________________________________________________
Received 120 byte message from 1 to 223219091
22 0 0 0 29 0 0 0 29 0 0 66 114 101 115 108 97 118 115 107 105 121 0 0 0 0 0 0 0 0 0 0 0 0 0 0 0 16 3 1 155 0 0 0 26 1 0 0 11 1 0 0 210 0 0 0 215 0 0 0 0 0 0 0 0 0 0 0 0 0 0 0 0 0 0 0 0 0 0 0 0 0 0 0 0 0 0 0 0 0 0 0 1 0 0 0 0 0 0 0 0 0 0 0 0 0 0 0 0 0 0 0 0 0 0 0 0 0 0 0 
___________Breslavskiy__________________›______________Χ_______________________________________________________________
Received 120 byte message from 1 to 223219091
22 0 0 0 30 0 0 0 30 0 0 90 97 110 105 110 0 118 115 107 105 121 0 0 0 0 0 0 0 0 0 0 0 0 0 0 0 1 7 0 131 0 0 0 233 0 0 0 198 0 0 0 197 0 0 0 197 0 0 0 0 0 0 0 0 0 0 0 0 0 0 0 0 0 0 0 0 0 0 0 0 0 0 0 0 0 0 0 0 0 0 0 1 0 0 0 0 0 0 0 0 0 0 0 0 0 0 0 0 0 0 0 0 0 0 0 0 0 0 0 
___________Zanin_vskiy__________________ƒ___ι___Ζ___Ε___Ε_______________________________________________________________
Received 120 byte message from 1 to 223219091
22 0 0 0 31 0 0 0 31 0 0 72 111 118 104 117 110 111 118 0 105 121 0 0 0 0 0 0 0 0 0 0 0 0 0 0 0 1 8 0 140 0 0 0 33 1 0 0 11 1 0 0 210 0 0 0 210 0 0 0 0 0 0 0 0 0 0 0 0 0 0 0 0 0 0 0 0 0 0 0 0 0 0 0 0 0 0 0 0 0 0 0 1 0 0 0 0 0 0 0 0 0 0 0 0 0 0 0 0 0 0 0 0 0 0 0 0 0 0 0 
___________Hovhunov_iy_____________________!_________________________________________________________________________
Received 120 byte message from 1 to 223219091
22 0 0 0 32 0 0 0 32 0 0 71 114 117 98 105 121 0 118 0 105 121 0 0 0 0 0 0 0 0 0 0 0 0 0 0 0 16 4 1 157 0 0 0 8 1 0 0 213 0 0 0 213 0 0 0 218 0 0 0 0 0 0 0 0 0 0 0 0 0 0 0 0 0 0 0 0 0 0 0 0 0 0 0 0 0 0 0 0 0 0 0 1 0 0 0 0 0 0 0 0 0 0 0 0 0 0 0 0 0 0 0 0 0 0 0 0 0 0 0 
____ ___ __Grubiy_v_iy_________________________Υ___Υ___Ϊ_______________________________________________________________
Received 120 byte message from 1 to 223219091
22 0 0 0 33 0 0 0 33 0 0 83 99 104 101 114 98 97 110 0 105 121 0 0 0 0 0 0 0 0 0 0 0 0 0 0 0 2 0 3 24 1 0 0 27 1 0 0 248 0 0 0 242 0 0 0 28 1 0 0 1 0 0 0 0 0 0 0 0 0 0 0 0 0 0 0 0 0 0 0 0 0 0 0 0 0 0 0 0 0 0 0 1 0 0 0 0 0 0 0 0 0 0 0 0 0 0 0 0 0 0 0 0 0 0 0 2 0 0 0 
____!___!__Scherban_iy__________________________ψ___ς___________________________________________________________________
Received 120 byte message from 1 to 223219091
22 0 0 0 34 0 0 0 34 0 0 65 110 116 111 110 111 118 0 0 105 121 0 0 0 0 0 0 0 0 0 0 0 0 0 0 0 59 1 2 223 0 0 0 8 1 0 0 2 1 0 0 231 0 0 0 255 0 0 0 3 0 0 0 0 0 0 0 0 0 0 0 0 0 0 0 0 0 0 0 0 0 0 0 0 0 0 0 0 0 0 0 1 0 0 0 0 0 0 0 0 0 0 0 0 0 0 0 0 0 0 0 0 0 0 0 1 0 0 0 
____"___"__Antonov__iy_______________;__ί___________η__________________________________________________________________
Received 120 byte message from 1 to 223219091
22 0 0 0 35 0 0 0 35 0 0 83 104 105 114 115 104 111 118 0 105 121 0 0 0 0 0 0 0 0 0 0 0 0 0 0 0 1 7 0 120 0 0 0 231 0 0 0 242 0 0 0 181 0 0 0 181 0 0 0 0 0 0 0 0 0 0 0 0 0 0 0 0 0 0 0 0 0 0 0 0 0 0 0 0 0 0 0 0 0 0 0 1 0 0 0 0 0 0 0 0 0 0 0 0 0 0 0 0 0 0 0 0 0 0 0 0 0 0 0 
____#___#__Shirshov_iy__________________x___η___ς___µ___µ_______________________________________________________________
Received 120 byte message from 1 to 223219091
22 0 0 0 36 0 0 0 36 0 0 78 101 107 104 111 114 111 115 104 107 111 118 0 0 0 0 0 0 0 0 0 0 0 0 0 0 16 2 1 143 0 0 0 20 1 0 0 208 0 0 0 190 0 0 0 196 0 0 0 0 0 0 0 0 0 0 0 0 0 0 0 0 0 0 0 0 0 0 0 0 0 0 0 0 0 0 0 0 0 0 0 1 0 0 0 0 0 0 0 0 0 0 0 0 0 0 0 0 0 0 0 0 0 0 0 0 0 0 0 
____$___$__Nekhoroshkov________________________Π___Ύ___Δ_______________________________________________________________
Received 120 byte message from 1 to 223219091
22 0 0 0 37 0 0 0 37 0 0 70 117 114 115 111 118 0 115 104 107 111 118 0 0 0 0 0 0 0 0 0 0 0 0 0 0 16 3 1 143 0 0 0 3 1 0 0 213 0 0 0 190 0 0 0 196 0 0 0 0 0 0 0 0 0 0 0 0 0 0 0 0 0 0 0 0 0 0 0 0 0 0 0 0 0 0 0 0 0 0 0 1 0 0 0 0 0 0 0 0 0 0 0 0 0 0 0 0 0 0 0 0 0 0 0 0 0 0 0 
____%___%__Fursov_shkov________________________Υ___Ύ___Δ_______________________________________________________________
Received 120 byte message from 1 to 223219091
22 0 0 0 38 0 0 0 38 0 0 86 101 110 103 108 105 116 115 107 121 0 118 0 0 0 0 0 0 0 0 0 0 0 0 0 0 1 8 0 128 0 0 0 51 1 0 0 234 0 0 0 193 0 0 0 193 0 0 0 0 0 0 0 0 0 0 0 0 0 0 0 0 0 0 0 0 0 0 0 0 0 0 0 0 0 0 0 0 0 0 0 1 0 0 0 0 0 0 0 0 0 0 0 0 0 0 0 0 0 0 0 0 0 0 0 0 0 0 0 
____&___&__Venglitsky_v_________________€___3___κ___Α___Α_______________________________________________________________
Received 120 byte message from 1 to 223219091
22 0 0 0 39 0 0 0 39 0 0 75 111 118 97 108 101 110 107 111 0 0 118 0 0 0 0 0 0 0 0 0 0 0 0 0 0 1 9 0 147 0 0 0 39 1 0 0 242 0 0 0 221 0 0 0 221 0 0 0 0 0 0 0 0 0 0 0 0 0 0 0 0 0 0 0 0 0 0 0 0 0 0 0 0 0 0 0 0 0 0 0 1 0 0 0 0 0 0 0 0 0 0 0 0 0 0 0 0 0 0 0 0 0 0 0 0 0 0 0 
____'___'__Kovalenko__v_________________“___'___ς___έ___έ_______________________________________________________________
Received 120 byte message from 1 to 223219091
22 0 0 0 40 0 0 0 40 0 0 75 117 107 108 101 118 0 107 111 0 0 118 0 0 0 0 0 0 0 0 0 0 0 0 0 0 16 4 1 142 0 0 0 246 0 0 0 236 0 0 0 188 0 0 0 194 0 0 0 0 0 0 0 0 0 0 0 0 0 0 0 0 0 0 0 0 0 0 0 0 0 0 0 0 0 0 0 0 0 0 0 1 0 0 0 0 0 0 0 0 0 0 0 0 0 0 0 0 0 0 0 0 0 0 0 0 0 0 0 
____(___(__Kuklev_ko__v____________________φ___μ___Ό___Β_______________________________________________________________
Received 120 byte message from 1 to 223219091
22 0 0 0 41 0 0 0 41 0 0 71 97 108 97 116 0 0 107 111 0 0 118 0 0 0 0 0 0 0 0 0 0 0 0 0 0 16 5 1 147 0 0 0 14 1 0 0 205 0 0 0 197 0 0 0 203 0 0 0 0 0 0 0 0 0 0 0 0 0 0 0 0 0 0 0 0 0 0 0 0 0 0 0 0 0 0 0 0 0 0 0 1 0 0 0 0 0 0 0 0 0 0 0 0 0 0 0 0 0 0 0 0 0 0 0 0 0 0 0 
____)___)__Galat__ko__v_________________“_______Ν___Ε___Λ_______________________________________________________________
Received 120 byte message from 1 to 223219091
22 0 0 0 42 0 0 0 42 0 0 75 111 122 108 111 118 115 107 105 121 0 118 0 0 0 0 0 0 0 0 0 0 0 0 0 0 1 6 1 150 0 0 0 242 0 0 0 211 0 0 0 201 0 0 0 207 0 0 0 0 0 0 0 0 0 0 0 0 0 0 0 0 0 0 0 0 0 0 0 0 0 0 0 0 0 0 0 0 0 0 0 1 0 0 0 0 0 0 0 0 0 0 0 0 0 0 0 0 0 0 0 0 0 0 0 0 0 0 0 
____*___*__Kozlovskiy_v_________________–___ς___Σ___Ι___Ο_______________________________________________________________
Received 120 byte message from 1 to 223219091
22 0 0 0 43 0 0 0 43 0 0 89 97 115 101 110 101 118 0 105 121 0 118 0 0 0 0 0 0 0 0 0 0 0 0 0 0 2 0 3 28 1 0 0 252 0 0 0 248 0 0 0 252 0 0 0 36 1 0 0 1 0 0 0 0 0 0 0 0 0 0 0 0 0 0 0 0 0 0 0 0 0 0 0 0 0 0 0 0 0 0 0 1 0 0 0 0 0 0 0 0 0 0 0 0 0 0 0 0 0 0 0 0 0 0 0 2 0 0 0 
____+___+__Yasenev_iy_v_____________________ό___ψ___ό___$_______________________________________________________________
Received 120 byte message from 1 to 223219091
22 0 0 0 44 0 0 0 44 0 0 69 103 111 114 99 104 101 118 0 121 0 118 0 0 0 0 0 0 0 0 0 0 0 0 0 0 59 1 2 215 0 0 0 20 1 0 0 252 0 0 0 216 0 0 0 242 0 0 0 3 0 0 0 0 0 0 0 0 0 0 0 0 0 0 0 0 0 0 0 0 0 0 0 0 0 0 0 0 0 0 0 1 0 0 0 0 0 0 0 0 0 0 0 0 0 0 0 0 0 0 0 0 0 0 0 1 0 0 0 
____,___,__Egorchev_y_v______________;__Χ_______ό___Ψ___ς_______________________________________________________________
Received 120 byte message from 1 to 223219091
22 0 0 0 45 0 0 0 45 0 0 76 105 115 110 105 99 104 101 110 107 111 0 0 0 0 0 0 0 0 0 0 0 0 0 0 0 16 2 1 157 0 0 0 35 1 0 0 235 0 0 0 213 0 0 0 218 0 0 0 0 0 0 0 0 0 0 0 0 0 0 0 0 0 0 0 0 0 0 0 0 0 0 0 0 0 0 0 0 0 0 0 1 0 0 0 0 0 0 0 0 0 0 0 0 0 0 0 0 0 0 0 0 0 0 0 0 0 0 0 
____-___-__Lisnichenko_____________________#___λ___Υ___Ϊ_______________________________________________________________
Received 120 byte message from 1 to 223219091
22 0 0 0 46 0 0 0 46 0 0 77 97 110 115 117 114 111 118 0 107 111 0 0 0 0 0 0 0 0 0 0 0 0 0 0 0 16 3 1 158 0 0 0 33 1 0 0 5 1 0 0 214 0 0 0 219 0 0 0 0 0 0 0 0 0 0 0 0 0 0 0 0 0 0 0 0 0 0 0 0 0 0 0 0 0 0 0 0 0 0 0 1 0 0 0 0 0 0 0 0 0 0 0 0 0 0 0 0 0 0 0 0 0 0 0 0 0 0 0 
____.___.__Mansurov_ko_____________________!_______Φ___Ϋ_______________________________________________________________
Received 120 byte message from 1 to 223219091
22 0 0 0 47 0 0 0 47 0 0 83 104 105 108 97 110 0 118 0 107 111 0 0 0 0 0 0 0 0 0 0 0 0 0 0 0 16 4 1 164 0 0 0 242 0 0 0 198 0 0 0 223 0 0 0 228 0 0 0 0 0 0 0 0 0 0 0 0 0 0 0 0 0 0 0 0 0 0 0 0 0 0 0 0 0 0 0 0 0 0 0 1 0 0 0 0 0 0 0 0 0 0 0 0 0 0 0 0 0 0 0 0 0 0 0 0 0 0 0 
____/___/__Shilan_v_ko__________________¤___ς___Ζ___ί___δ_______________________________________________________________
Received 120 byte message from 1 to 223219091
22 0 0 0 48 0 0 0 48 0 0 77 97 110 100 114 105 107 0 0 107 111 0 0 0 0 0 0 0 0 0 0 0 0 0 0 0 1 6 0 134 0 0 0 226 0 0 0 217 0 0 0 202 0 0 0 202 0 0 0 0 0 0 0 0 0 0 0 0 0 0 0 0 0 0 0 0 0 0 0 0 0 0 0 0 0 0 0 0 0 0 0 1 0 0 0 0 0 0 0 0 0 0 0 0 0 0 0 0 0 0 0 0 0 0 0 0 0 0 0 
____0___0__Mandrik__ko__________________†___β___Ω___Κ___Κ_______________________________________________________________
Received 120 byte message from 1 to 223219091
22 0 0 0 49 0 0 0 49 0 0 68 97 118 105 100 115 111 110 0 107 111 0 0 0 0 0 0 0 0 0 0 0 0 0 0 0 16 5 1 157 0 0 0 53 1 0 0 245 0 0 0 212 0 0 0 217 0 0 0 0 0 0 0 0 0 0 0 0 0 0 0 0 0 0 0 0 0 0 0 0 0 0 0 0 0 0 0 0 0 0 0 1 0 0 0 0 0 0 0 0 0 0 0 0 0 0 0 0 0 0 0 0 0 0 0 0 0 0 0 
____1___1__Davidson_ko_____________________5___υ___Τ___Ω_______________________________________________________________
Received 120 byte message from 1 to 223219091
22 0 0 0 50 0 0 0 50 0 0 67 104 101 114 101 110 116 115 101 118 0 0 0 0 0 0 0 0 0 0 0 0 0 0 0 0 1 7 0 127 0 0 0 15 1 0 0 251 0 0 0 191 0 0 0 191 0 0 0 0 0 0 0 0 0 0 0 0 0 0 0 0 0 0 0 0 0 0 0 0 0 0 0 0 0 0 0 0 0 0 0 1 0 0 0 0 0 0 0 0 0 0 0 0 0 0 0 0 0 0 0 0 0 0 0 0 0 0 0 
____2___2__Cherentsev__________________________ϋ___Ώ___Ώ_______________________________________________________________
Received 120 byte message from 1 to 223219091
22 0 0 0 51 0 0 0 51 0 0 82 105 122 104 97 101 118 0 101 118 0 0 0 0 0 0 0 0 0 0 0 0 0 0 0 0 1 8 0 129 0 0 0 4 1 0 0 0 1 0 0 194 0 0 0 194 0 0 0 0 0 0 0 0 0 0 0 0 0 0 0 0 0 0 0 0 0 0 0 0 0 0 0 0 0 0 0 0 0 0 0 1 0 0 0 0 0 0 0 0 0 0 0 0 0 0 0 0 0 0 0 0 0 0 0 0 0 0 0 
____3___3__Rizhaev_ev______________________________Β___Β_______________________________________________________________
Received 120 byte message from 1 to 223219091
22 0 0 0 52 0 0 0 52 0 0 86 105 107 104 97 110 111 118 0 118 0 0 0 0 0 0 0 0 0 0 0 0 0 0 0 0 1 9 0 121 0 0 0 243 0 0 0 248 0 0 0 182 0 0 0 182 0 0 0 0 0 0 0 0 0 0 0 0 0 0 0 0 0 0 0 0 0 0 0 0 0 0 0 0 0 0 0 0 0 0 0 1 0 0 0 0 0 0 0 0 0 0 0 0 0 0 0 0 0 0 0 0 0 0 0 0 0 0 0 
____4___4__Vikhanov_v___________________y___σ___ψ___¶___¶_______________________________________________________________
Received 120 byte message from 1 to 223219091
22 0 0 0 53 0 0 0 53 0 0 86 105 110 111 107 117 114 111 118 0 0 0 0 0 0 0 0 0 0 0 0 0 0 0 0 0 4 0 2 241 0 0 0 44 1 0 0 27 1 0 0 10 1 0 0 31 1 0 0 3 0 0 0 0 0 0 0 0 0 0 0 0 0 0 0 0 0 0 0 0 0 0 0 0 0 0 0 0 0 0 0 1 0 0 0 0 0 0 0 0 0 0 0 0 0 0 0 0 0 0 0 0 0 0 0 1 0 0 0 
____5___5__Vinokurov____________________ρ___,___________________________________________________________________________
Received 120 byte message from 1 to 223219091
22 0 0 0 54 0 0 0 54 0 0 86 101 108 101 115 104 107 111 0 0 0 0 0 0 0 0 0 0 0 0 0 0 0 0 0 0 8 1 0 172 0 0 0 47 1 0 0 23 1 0 0 3 1 0 0 3 1 0 0 2 0 0 0 0 0 0 0 0 0 0 0 0 0 0 0 0 0 0 0 0 0 0 0 0 0 0 0 0 0 0 0 1 0 0 0 0 0 0 0 0 0 0 0 0 0 0 0 0 0 0 0 0 0 0 0 4 0 0 0 
____6___6__Veleshko_____________________¬___/___________________________________________________________________________
Received 120 byte message from 1 to 223219091
22 0 0 0 55 0 0 0 55 0 0 83 105 110 99 104 105 108 111 0 0 0 0 0 0 0 0 0 0 0 0 0 0 0 0 0 0 71 2 0 169 0 0 0 54 1 0 0 238 0 0 0 254 0 0 0 254 0 0 0 2 0 0 0 0 0 0 0 0 0 0 0 0 0 0 0 0 0 0 0 0 0 0 0 0 0 0 0 0 0 0 0 1 0 0 0 0 0 0 0 0 0 0 0 0 0 0 0 0 0 0 0 0 0 0 0 6 0 0 0 
____7___7__Sinchilo__________________G__©___6___ξ___ώ___ώ_______________________________________________________________
Received 120 byte message from 1 to 223219091
22 0 0 0 56 0 0 0 56 0 0 83 117 108 116 97 110 111 118 0 0 0 0 0 0 0 0 0 0 0 0 0 0 0 0 0 0 4 0 2 240 0 0 0 75 1 0 0 246 0 0 0 9 1 0 0 30 1 0 0 3 0 0 0 0 0 0 0 0 0 0 0 0 0 0 0 0 0 0 0 0 0 0 0 0 0 0 0 0 0 0 0 1 0 0 0 0 0 0 0 0 0 0 0 0 0 0 0 0 0 0 0 0 0 0 0 1 0 0 0 
____8___8__Sultanov_____________________π___K___φ_______________________________________________________________________
Received 120 byte message from 1 to 223219091
22 0 0 0 57 0 0 0 57 0 0 85 115 109 97 110 111 118 0 0 0 0 0 0 0 0 0 0 0 0 0 0 0 0 0 0 0 4 1 1 184 0 0 0 11 1 0 0 225 0 0 0 254 0 0 0 3 1 0 0 2 0 0 0 0 0 0 0 0 0 0 0 0 0 0 0 0 0 0 0 0 0 0 0 0 0 0 0 0 0 0 0 1 0 0 0 0 0 0 0 0 0 0 0 0 0 0 0 0 0 0 0 0 0 0 0 8 0 0 0 
____9___9__Usmanov______________________Έ_______α___ώ___________________________________________________________________
Received 120 byte message from 1 to 223219091
22 0 0 0 58 0 0 0 58 0 0 72 97 114 107 111 118 0 0 0 0 0 0 0 0 0 0 0 0 0 0 0 0 0 0 0 0 4 2 0 163 0 0 0 52 1 0 0 220 0 0 0 245 0 0 0 245 0 0 0 2 0 0 0 0 0 0 0 0 0 0 0 0 0 0 0 0 0 0 0 0 0 0 0 0 0 0 0 0 0 0 0 1 0 0 0 0 0 0 0 0 0 0 0 0 0 0 0 0 0 0 0 0 0 0 0 4 0 0 0 
____:___:__Harkov_______________________£___4___ά___υ___υ_______________________________________________________________
Received 120 byte message from 1 to 223219091
22 0 0 0 59 0 0 0 59 0 0 80 114 105 118 97 108 111 118 0 0 0 0 0 0 0 0 0 0 0 0 0 0 0 0 0 0 4 3 0 150 0 0 0 14 1 0 0 22 1 0 0 226 0 0 0 226 0 0 0 2 0 0 0 0 0 0 0 0 0 0 0 0 0 0 0 0 0 0 0 0 0 0 0 0 0 0 0 0 0 0 0 1 0 0 0 0 0 0 0 0 0 0 0 0 0 0 0 0 0 0 0 0 0 0 0 6 0 0 0 
____;___;__Privalov_____________________–___________β___β_______________________________________________________________
Received 120 byte message from 1 to 223219091
22 0 0 0 60 0 0 0 60 0 0 86 111 108 99 104 111 107 0 0 0 0 0 0 0 0 0 0 0 0 0 0 0 0 0 0 0 13 0 2 236 0 0 0 12 1 0 0 0 1 0 0 0 1 0 0 22 1 0 0 3 0 0 0 0 0 0 0 0 0 0 0 0 0 0 0 0 0 0 0 0 0 0 0 0 0 0 0 0 0 0 0 1 0 0 0 0 0 0 0 0 0 0 0 0 0 0 0 0 0 0 0 0 0 0 0 1 0 0 0 
____<___<__Volchok______________________μ_______________________________________________________________________________
Received 120 byte message from 1 to 223219091
22 0 0 0 61 0 0 0 61 0 0 83 104 111 108 111 104 111 118 0 0 0 0 0 0 0 0 0 0 0 0 0 0 0 0 0 0 4 2 0 144 0 0 0 61 1 0 0 33 1 0 0 216 0 0 0 216 0 0 0 2 0 0 0 0 0 0 0 0 0 0 0 0 0 0 0 0 0 0 0 0 0 0 0 0 0 0 0 0 0 0 0 1 0 0 0 0 0 0 0 0 0 0 0 0 0 0 0 0 0 0 0 0 0 0 0 8 0 0 0 
____=___=__Sholohov________________________=___!___Ψ___Ψ_______________________________________________________________
Received 120 byte message from 1 to 223219091
22 0 0 0 62 0 0 0 62 0 0 86 111 108 111 115 104 105 110 0 0 0 0 0 0 0 0 0 0 0 0 0 0 0 0 0 0 4 1 1 188 0 0 0 34 1 0 0 7 1 0 0 5 1 0 0 9 1 0 0 2 0 0 0 0 0 0 0 0 0 0 0 0 0 0 0 0 0 0 0 0 0 0 0 0 0 0 0 0 0 0 0 1 0 0 0 0 0 0 0 0 0 0 0 0 0 0 0 0 0 0 0 0 0 0 0 6 0 0 0 
____>___>__Voloshin_____________________Ό___"___________________________________________________________________________
Received 120 byte message from 1 to 223219091
22 0 0 0 63 0 0 0 63 0 0 83 118 101 99 104 107 111 118 0 0 0 0 0 0 0 0 0 0 0 0 0 0 0 0 0 0 70 3 0 167 0 0 0 63 1 0 0 0 1 0 0 251 0 0 0 251 0 0 0 2 0 0 0 0 0 0 0 0 0 0 0 0 0 0 0 0 0 0 0 0 0 0 0 0 0 0 0 0 0 0 0 1 0 0 0 0 0 0 0 0 0 0 0 0 0 0 0 0 0 0 0 0 0 0 0 9 0 0 0 
____?___?__Svechkov__________________F__§___?_______ϋ___ϋ_______________________________________________________________
Received 52 byte message from 1 to 223219091
23 0 0 0 0 0 0 0 0 0 52 53 109 109 32 80 114 111 116 105 118 46 32 79 114 117 100 105 101 32 111 98 114 46 51 50 47 51 56 0 68 0 0 0 0 0 0 0 0 231 9 0 
__________45mm Protiv. Orudie obr.32/38_D________η__
Received 84 byte message from 1 to 223219091
24 0 0 0 0 0 0 0 0 0 0 71 114 111 117 112 32 76 101 97 100 101 114 0 255 255 255 255 0 0 0 0 157 14 73 0 79 0 0 0 1 0 2 0 255 255 255 255 255 255 255 255 255 255 255 255 255 255 255 105 41 1 0 0 16 1 0 0 8 0 111 98 41 1 0 0 0 51 0 0 0 0 0 0 
___________Group Leader______I_O_______i)_________ob)____3______
Received 84 byte message from 1 to 223219091
24 0 0 0 1 0 0 0 1 0 0 76 77 71 32 73 110 102 97 110 116 114 121 0 255 255 255 255 0 0 0 0 157 14 73 0 22 0 3 0 4 0 5 0 8 0 10 0 11 0 12 0 7 0 6 0 9 0 255 105 225 0 0 0 216 0 0 0 11 0 111 98 225 0 0 0 0 51 0 0 0 0 0 0 
___________LMG Infantry______I_______________________iα___Ψ_____obα____3______
Received 84 byte message from 1 to 223219091
24 0 0 0 2 0 0 0 2 0 0 76 77 71 32 73 110 102 97 110 116 114 121 0 255 255 255 255 0 0 0 0 157 14 73 0 22 0 13 0 14 0 18 0 19 0 20 0 22 0 16 0 17 0 21 0 15 0 255 105 223 0 0 0 214 0 0 0 11 0 111 98 223 0 0 0 0 51 0 0 0 0 0 0 
___________LMG Infantry______I_______________________iί___Φ_____obί____3______
Received 84 byte message from 1 to 223219091
24 0 0 0 3 0 0 0 3 0 0 76 105 103 104 116 32 73 110 102 97 110 116 114 121 0 255 255 0 0 0 0 157 14 73 0 7 0 23 0 24 0 26 0 29 0 32 0 28 0 25 0 30 0 31 0 27 0 255 105 215 0 0 0 207 0 0 0 9 0 111 98 215 0 0 0 0 51 0 0 0 0 0 0 
___________Light Infantry______I___________ ___________iΧ___Ο_____obΧ____3______
Received 84 byte message from 1 to 223219091
24 0 0 0 4 0 0 0 4 0 0 76 105 103 104 116 32 73 110 102 97 110 116 114 121 0 255 255 0 0 0 0 157 14 73 0 7 0 33 0 34 0 36 0 37 0 40 0 41 0 42 0 35 0 38 0 39 0 255 105 213 0 0 0 203 0 0 0 9 0 111 98 213 0 0 0 0 51 0 0 0 0 0 0 
___________Light Infantry______I___!_"_$_%_(_)_*_#_&_'_iΥ___Λ_____obΥ____3______
Received 84 byte message from 1 to 223219091
24 0 0 0 5 0 0 0 5 0 0 76 105 103 104 116 32 73 110 102 97 110 116 114 121 0 255 255 0 0 0 0 157 14 73 0 7 0 43 0 44 0 45 0 46 0 47 0 49 0 48 0 50 0 51 0 52 0 255 105 218 0 0 0 209 0 0 0 9 0 111 98 218 0 0 0 0 51 0 0 0 0 0 0 
___________Light Infantry______I___+_,_-_._/_1_0_2_3_4_iΪ___Ρ_____obΪ____3______
Received 84 byte message from 1 to 223219091
24 0 0 0 6 0 0 0 6 0 0 77 77 71 32 84 101 97 109 0 97 110 116 114 121 0 255 255 0 0 0 0 157 14 73 0 4 0 53 0 54 0 55 0 255 255 255 255 255 255 255 255 255 255 255 255 255 255 255 105 10 1 0 0 3 1 0 0 7 0 111 98 10 1 0 0 0 51 0 0 0 0 0 0 
___________MMG Team_antry______I___5_6_7_i__________ob_____3______
Received 84 byte message from 1 to 223219091
24 0 0 0 7 0 0 0 7 0 0 52 53 109 109 32 65 84 32 71 117 110 0 114 121 0 255 255 0 0 0 0 157 14 73 0 33 0 56 0 57 0 58 0 59 0 255 255 255 255 255 255 255 255 255 255 255 255 0 105 254 0 0 0 247 0 0 0 17 0 111 98 254 0 0 0 0 51 0 0 0 0 0 0 
___________45mm AT Gun_ry______I_!_8_9_:_;__iώ___χ_____obώ____3______
Received 84 byte message from 1 to 223219091
24 0 0 0 8 0 0 0 8 0 0 56 50 109 109 32 77 111 114 116 97 114 0 114 121 0 255 255 0 0 0 0 157 14 73 0 6 0 60 0 62 0 61 0 63 0 255 255 255 255 255 255 255 255 255 255 255 255 255 105 252 0 0 0 246 0 0 0 10 0 111 98 252 0 0 0 0 51 0 0 0 0 0 0 
___________82mm Mortar_ry______I___<_>_=_?_iό___φ_____obό____3______
Received 8 byte message from 1 to 223219091
17 0 0 0 12 0 73 0 
______I_
Received 4 byte message from 1 to 223219091
21 0 0 0 
____
Received 8 byte message from 1 to 223219091
17 0 0 0 10 0 73 0 
______I_
Received 8 byte message from 1 to 223219091
6 0 0 0 254 67 73 0 
____ώCI_
Received 8 byte message from 1 to 223219091
6 0 0 0 2 67 73 0 
_____CI_
